2.686066176570890107e+01
2.668320049048644904e+01
2.649580783450320354e+01
3.079218342896374949e+01
2.462917657080074818e+01
2.569871164090736926e+01
2.591651020147691753e+01
2.457748541276113130e+01
2.352694861657090186e+01
2.312619997449733233e+01
2.378194023577934857e+01
2.527151537195866027e+01
2.790055469563038670e+01
2.711120972353406344e+01
2.527759066621101169e+01
2.240366800805281144e+01
2.588049316211501250e+01
2.935970067447336973e+01
2.490474923594012324e+01
2.422506928933666615e+01
2.403209665638589598e+01
2.608201964070745049e+01
2.721172687354002662e+01
2.425789105930464018e+01
2.507387192057841219e+01
2.351997225019854909e+01
2.675751592360424169e+01
2.819090135082757342e+01
2.988622813033869008e+01
2.402211088199064193e+01
2.580240370312659337e+01
2.410740440986923616e+01
2.396288476648222954e+01
2.551122385988541197e+01
2.652493300386814568e+01
2.321341411826199064e+01
2.672646677625133194e+01
2.708047600867364224e+01
2.595142575262045526e+01
2.832998112154505321e+01
2.295197172394698981e+01
2.498991251482530984e+01
2.590421230088812266e+01
2.539801908350385062e+01
2.738100055187847914e+01
2.521012758684526389e+01
2.552085944212717905e+01
2.328462938318111952e+01
2.710971278083574632e+01
2.457052960534501551e+01
2.590333926310677626e+01
2.384971798267671161e+01
2.650387240787489773e+01
2.029002506737865374e+01
2.531366790840616332e+01
2.682638483476181790e+01
2.489883971770741766e+01
2.681828882167501504e+01
2.617156290122692752e+01
2.667256222910836883e+01
2.650888265467164473e+01
2.571636800055945571e+01
2.471776716525694795e+01
2.438178753439551016e+01
2.669612996253832549e+01
2.583118448099913067e+01
2.614097058922344274e+01
2.499487310935318618e+01
2.544370258691605713e+01
2.581447883332150184e+01
2.320745299738768708e+01
2.402193562200589128e+01
2.447087045168740005e+01
2.312677062379997750e+01
2.540685809673189155e+01
2.320777452299708088e+01
2.581128185170642553e+01
2.743091378011588333e+01
2.477482382601629496e+01
2.611997454331227431e+01
2.539164399005140993e+01
2.643379985714117453e+01
2.496326110860620773e+01
2.780649835377143475e+01
2.472202637887398069e+01
2.423608381333051653e+01
2.347889326162155044e+01
2.582754067182246160e+01
2.362522999450673566e+01
2.318364689888590746e+01
2.598093753235358605e+01
2.036742531901722941e+01
2.398972172474624642e+01
2.651669266238078038e+01
2.061373003142897531e+01
2.787979910134473727e+01
2.398270231738689517e+01
2.537691561686235531e+01
2.400734167796429475e+01
2.322310082935171849e+01
2.476737732722096297e+01
2.583625930614134703e+01
2.336140641264280760e+01
2.624126562433056264e+01
2.540272898564092685e+01
2.138172144541844943e+01
2.155711254466691429e+01
2.574708977031053792e+01
2.626113627387477223e+01
2.650612795320597570e+01
2.352255822368206495e+01
2.173181352089812890e+01
2.323288103217718614e+01
2.374666121745388025e+01
2.365306797833301289e+01
2.682280422041208112e+01
2.710790064307358094e+01
2.518142429194551113e+01
2.383883925152827743e+01
2.784955888250688716e+01
2.710055858439919518e+01
2.441336641793390783e+01
2.229866982144392651e+01
2.509133121669389155e+01
2.390567993162455096e+01
2.910603202515260790e+01
2.389867734566834301e+01
2.463839528336932361e+01
2.600716840737655033e+01
2.421599874667173680e+01
2.578682527873611363e+01
2.219097293695357820e+01
2.306009094522201153e+01
2.663539759544103802e+01
2.564166924629853028e+01
2.623616117485939014e+01
2.344239522704577183e+01
2.431444818295104326e+01
2.364103637679301073e+01
2.639313159785607610e+01
2.368958429483844341e+01
2.431140348123132711e+01
2.378691097648190933e+01
2.536048345777048141e+01
2.623692287807781653e+01
2.540390148012672000e+01
2.455500869123272523e+01
2.548671178554618422e+01
2.659636160366384061e+01
2.277802684483265949e+01
2.904463410673471913e+01
2.678978415352002074e+01
2.298497459356264372e+01
2.540180027849574884e+01
2.285560922334739686e+01
2.418866264268627120e+01
2.569586218844794701e+01
2.793192403743690377e+01
2.537860367072125811e+01
2.236888863871162059e+01
2.835796437055120478e+01
2.725534477058974403e+01
2.307641888084672033e+01
2.040446935545303120e+01
2.085833549606937609e+01
2.374084474128541800e+01
2.151435046031667397e+01
2.282690834361151389e+01
2.524136816364714875e+01
2.306524044253009365e+01
2.281152325815588711e+01
2.635217617055635841e+01
2.306209272739141625e+01
2.321293484141178354e+01
2.616282956431485829e+01
2.251920839693786291e+01
2.389908252951350320e+01
2.803068877955917060e+01
2.550040766810966986e+01
2.466632712934341853e+01
2.443670796210065532e+01
2.426416513301237998e+01
2.341203146768947718e+01
2.054506631765560343e+01
2.357924638094656800e+01
2.343341845663164591e+01
2.340399841902344846e+01
2.241130863988055921e+01
2.698571119948483954e+01
2.736354977291377821e+01
2.397834670067431162e+01
2.650957462980841584e+01
2.282187208528853617e+01
2.491738930744636704e+01
2.554973329073756005e+01
2.560700251694177965e+01
2.623893294907557205e+01
2.852960972936770290e+01
2.592491110233716256e+01
2.489624532366156728e+01
2.883080244934294356e+01
2.606697071905827556e+01
2.319834286885334151e+01
2.343312863725347839e+01
2.814143801132496137e+01
2.270090480325330873e+01
2.424821477122804225e+01
2.811832363712154859e+01
2.596548024254863307e+01
2.464242155336916085e+01
2.323300820421509627e+01
2.850141001235821747e+01
2.524029361584647901e+01
2.261860038698286601e+01
2.272026179373010990e+01
2.530986341743732382e+01
2.530166861521738397e+01
2.939916557764153993e+01
2.400739116165608777e+01
2.740458468041951789e+01
2.115198194056262082e+01
2.480766371480704535e+01
2.395169926053974407e+01
2.545475021821727779e+01
2.266744339683059195e+01
2.266794711716829624e+01
2.426737846113626418e+01
2.429297779693007797e+01
2.294603010262611775e+01
2.597247110384309465e+01
2.679112126007129291e+01
2.414628886113346695e+01
2.667918779272019947e+01
2.573492712351375999e+01
2.635384046625954113e+01
2.335629564807324954e+01
2.405866566252094430e+01
2.226286693256131244e+01
2.648713216951306038e+01
2.502695537381760005e+01
2.705038584004988778e+01
2.603481980706026988e+01
2.393430282852232338e+01
2.705321880132023438e+01
2.691411867761549814e+01
2.355600457354772814e+01
2.240040521385655126e+01
2.491568294559901631e+01
2.473424558298626863e+01
2.440967193681668945e+01
2.366236856216305640e+01
2.392518580812148343e+01
2.481120694495179535e+01
2.400939717070283663e+01
2.538464995558010173e+01
2.657955143201855464e+01
2.670071262012655566e+01
2.790425969759809988e+01
2.392443813253526130e+01
2.350981875194361592e+01
2.323060938858817437e+01
2.394213071769973666e+01
2.364338252581389099e+01
2.296761626492911290e+01
2.495793261186697265e+01
2.403709105297001969e+01
2.337948247723830164e+01
2.559567483027916168e+01
2.674061865069090871e+01
2.649760586305136911e+01
2.236441395703749890e+01
2.495690379788139168e+01
2.650486597679973144e+01
2.306912712127662601e+01
2.522286743133226139e+01
2.321141694860461513e+01
2.431660968653612542e+01
2.523688250789097864e+01
2.346158111541996760e+01
2.333002744366356751e+01
2.874269521242051084e+01
2.741559198297394673e+01
2.454401859797964391e+01
2.621438548232537258e+01
2.310363364949169451e+01
2.397379790961887380e+01
2.588363045744146973e+01
2.570141815461776957e+01
2.162244738424641710e+01
2.693683853918727422e+01
2.392182445818229297e+01
2.492146480924248664e+01
2.570046308601331830e+01
2.465781370369869308e+01
2.408745874712385415e+01
2.786895235455740405e+01
2.623134634469194282e+01
2.745895062162970035e+01
2.486245196098030519e+01
2.119163394931918631e+01
2.333094356077907250e+01
2.413346536298255174e+01
2.526739805644729486e+01
2.292307025340594606e+01
2.529923901769022976e+01
2.402917656583308315e+01
2.609048625720809866e+01
2.661711739359158102e+01
2.145048341378461032e+01
2.248573464928634991e+01
2.199393063278146343e+01
2.425485334281655980e+01
2.756647126570747375e+01
2.263550022786670368e+01
2.472924460363414312e+01
2.748740474713692450e+01
2.739038179319415889e+01
2.646190591859472718e+01
2.557996848427778502e+01
2.135862185355700049e+01
2.559658922657280300e+01
2.626229840055558995e+01
2.556882016578913053e+01
2.377094690923046727e+01
2.403624355801186852e+01
2.077596392756281318e+01
2.457172442134098844e+01
2.573865612595997376e+01
2.574770598345309125e+01
2.484975255005174333e+01
2.505017570148394768e+01
2.240301853694405310e+01
2.423680168099248888e+01
2.313574672998042558e+01
2.866293188600122832e+01
2.488256871389969760e+01
2.480622953033758549e+01
2.589746262063340865e+01
2.754368243347443368e+01
2.238985808543936429e+01
2.533887171221461543e+01
2.541279565920957850e+01
2.192397463614344133e+01
2.516484391354109817e+01
2.314892220967381675e+01
2.387333044776575974e+01
2.742310343567777409e+01
2.379023231285855644e+01
2.463227905469950230e+01
2.304187205778852032e+01
2.356451637488380157e+01
2.301328907612220931e+01
2.687075258574975933e+01
2.705023585790566898e+01
2.255263061633398181e+01
2.406192771715840806e+01
2.559533456219719483e+01
2.496928831815051097e+01
2.261417545067154578e+01
2.511275662808158415e+01
2.656631486342545401e+01
2.302271986893884304e+01
2.006731908237762596e+01
2.796681555836711297e+01
2.522036785679201287e+01
2.498376700493304980e+01
2.838592626312328449e+01
2.372784398685480056e+01
2.271629533264776057e+01
2.568253488907510018e+01
2.491289611362239143e+01
2.763674047889141505e+01
2.611289007953256203e+01
2.318996067364812674e+01
2.542121162463883977e+01
2.378189375358125446e+01
2.465597356172935761e+01
2.336902135178880613e+01
2.428702567956080927e+01
2.636012291169562616e+01
2.343455444757014305e+01
2.673710354344574469e+01
2.706571296290183071e+01
2.374563208410018333e+01
2.397844336474869209e+01
2.338748534822862979e+01
2.478545984412544811e+01
2.529883714427159092e+01
2.488882866485238310e+01
2.503098892533205344e+01
2.439265116750430096e+01
2.350292081104846176e+01
2.675439744950027787e+01
2.655329079991972918e+01
2.646169757308291892e+01
2.375666256072847560e+01
2.480239751789111935e+01
2.528249689859649862e+01
2.162819132475806683e+01
2.607776511985685985e+01
2.758853458103685341e+01
2.374744557410954116e+01
2.412052104214371084e+01
2.340608911362224731e+01
2.461916480758806003e+01
2.545698784461684738e+01
2.229706470637460214e+01
2.581880653680223503e+01
2.165259201070232820e+01
2.249199703065923828e+01
2.346601609228999763e+01
2.673295876721832087e+01
2.436448857201214224e+01
2.466621411504011974e+01
2.325371407356933418e+01
2.385131010189921597e+01
2.339316988320332769e+01
2.539751322614567286e+01
2.473520196532906823e+01
2.593008629512958052e+01
2.612363164633286061e+01
2.314560301602062253e+01
2.368275789940742726e+01
2.430888214581928253e+01
2.589972570376615835e+01
2.466041513089271220e+01
2.522227066402098927e+01
2.346291580253291542e+01
2.623341685400648160e+01
2.781097072481572852e+01
2.360859561534615736e+01
2.640724293220755214e+01
2.366039111364975156e+01
2.616883738945989180e+01
2.197361541589398115e+01
2.422297751743708361e+01
2.399910630475002549e+01
2.571644357150861637e+01
2.109900850803245120e+01
2.312657162527324672e+01
2.594305750312266667e+01
2.354196315854992960e+01
2.364951257975866383e+01
2.321385962264835001e+01
2.592408308746110990e+01
2.350330072307797380e+01
2.749508007761518513e+01
2.471561957043964242e+01
2.221324534674489470e+01
2.484184511761842629e+01
2.724480861868367398e+01
2.866781946159058592e+01
2.639107944908663228e+01
2.475609129389938445e+01
2.257292180739696263e+01
2.662581724263456451e+01
2.328560454751432829e+01
2.683153981918044551e+01
2.264444693061006930e+01
2.428133945705859276e+01
2.486410757090420987e+01
2.325561736113574085e+01
2.650574394434564951e+01
2.690206232432177913e+01
2.382863468989009803e+01
2.813123131810280952e+01
2.488584288952272416e+01
2.610385411912860931e+01
2.693840471462673491e+01
2.617869278869708793e+01
2.314045109742416173e+01
2.788686467402100533e+01
2.340945844430217804e+01
2.462991410481825483e+01
2.883548391895255136e+01
2.344272104628180742e+01
2.514857123104864201e+01
2.567619207828845163e+01
2.370685298602901625e+01
2.378721991428153970e+01
2.287595157450365946e+01
2.716740083215054469e+01
2.631877645289008427e+01
2.630611929104480140e+01
2.481017705415334262e+01
2.215668625988827500e+01
2.125475231801322096e+01
2.724531617829492092e+01
2.304766700732497853e+01
2.051889800080876469e+01
2.462585764167725699e+01
2.506141791528844820e+01
2.390841550503417068e+01
2.725339303273857539e+01
2.249545295778149523e+01
2.254165748627682220e+01
2.684612475637098328e+01
2.467735591527450012e+01
2.672367193929613194e+01
2.246454827965740009e+01
2.611825538017082593e+01
2.486939246146694416e+01
2.317722436374341299e+01
2.528899070426645324e+01
2.517435065763813995e+01
2.671748208352165221e+01
2.573931635778512828e+01
2.647891354008458720e+01
2.339530951846229101e+01
2.174324699762092905e+01
2.109052386138275637e+01
2.509757597424765052e+01
2.362996620372128120e+01
2.159656834544485804e+01
2.297714102515016776e+01
2.355480775806963578e+01
2.278059411044724314e+01
2.576968750778355499e+01
2.309519095977897507e+01
2.619171327921974068e+01
2.708218177291832873e+01
2.416840773202221726e+01
2.733486863822107082e+01
2.433343445220457468e+01
2.260580050486102266e+01
2.403953731620322998e+01
2.684913237126840713e+01
2.667371655995872004e+01
2.468145101006781417e+01
2.507139845858196736e+01
2.336429672394049462e+01
2.569287728249731018e+01
2.680571050789643195e+01
2.460670030708392275e+01
2.565601958813257255e+01
2.352810037855434189e+01
2.581936121736297807e+01
2.523783322234099202e+01
2.620480895423766654e+01
2.396829620462693455e+01
2.381035591431426823e+01
2.339671928890125230e+01
2.303054376938823111e+01
2.363724918725272062e+01
2.614267619839634449e+01
2.338461451250615752e+01
2.595834725160343481e+01
2.494499251452312194e+01
2.602131504755381286e+01
2.475039252356670971e+01
2.440757833683595379e+01
2.627490014007889485e+01
2.396396128570390260e+01
2.330157449877484765e+01
2.869919830579431164e+01
2.372667714639843339e+01
2.557830740392369506e+01
2.417013163088616778e+01
2.316614830191030805e+01
2.735960528851378371e+01
2.215959908079116047e+01
2.397799547662359387e+01
2.743959227180525673e+01
2.168833962679502392e+01
2.247436451295696713e+01
2.304587615689358415e+01
2.330557880147319239e+01
2.157158789067867843e+01
2.353323604208712183e+01
2.312150996070246478e+01
2.477258906897517932e+01
2.544732266939776721e+01
2.256202706617991538e+01
2.587307344914056983e+01
2.334121763679819139e+01
2.339761311714167391e+01
2.586099549011242260e+01
2.551061146357686127e+01
2.619023634018594038e+01
2.514836908784448610e+01
2.901036952813701575e+01
2.404905395804328094e+01
2.909828453992615138e+01
2.586595853203368733e+01
2.418140191097699088e+01
2.767223580701377017e+01
2.405951039830492988e+01
2.474009322777622799e+01
2.369900644449464266e+01
2.588194951138654787e+01
2.322116442186408136e+01
2.499549695081487855e+01
2.382297581094791639e+01
2.560691178281824421e+01
2.504929058357756233e+01
2.229010498562547582e+01
2.584250325479321830e+01
2.450273685106055765e+01
2.898723811623531077e+01
2.552909452012129066e+01
2.536324407357293964e+01
2.610329323593854411e+01
2.253368501304267824e+01
2.144478014308486991e+01
2.380906946819384729e+01
2.612234430471365343e+01
2.626173185797953380e+01
2.384097909891747591e+01
2.449141293946114217e+01
2.246141226702754068e+01
2.485628346555505175e+01
2.516595045307101941e+01
2.418329200044241745e+01
2.881714973266629443e+01
2.677573005235514714e+01
2.688566335806942575e+01
2.805488809502591963e+01
2.580590827591410275e+01
2.547299050074057547e+01
2.542053732630411034e+01
2.334283051358614003e+01
2.519431732033846671e+01
2.508841561405941434e+01
2.401494076823293256e+01
2.399803990743241044e+01
2.610070718312437066e+01
2.450366681935399882e+01
2.871602522591290452e+01
2.409603648151725608e+01
2.167833757360639169e+01
2.715423728713774665e+01
2.598736335953222820e+01
2.273167539586553332e+01
2.537075321726774035e+01
2.463430386962375351e+01
2.632988024265614513e+01
2.550612854151373199e+01
2.632111465471425404e+01
2.560169021647663712e+01
2.496050156794679609e+01
2.304082671236096402e+01
2.471057724055180316e+01
2.512066889326826669e+01
2.161315551315038164e+01
2.453930180223181878e+01
2.492246082539144325e+01
2.787832053459976578e+01
2.374591429852320346e+01
2.565830725667018442e+01
2.764831025515656293e+01
2.542706293093661429e+01
2.591547875821152758e+01
2.444206507013386087e+01
2.109700312072924788e+01
2.171307131390973666e+01
2.506487140588627938e+01
2.445054778875861956e+01
2.669548907886057520e+01
2.572065501051291392e+01
2.374056266517879621e+01
2.450891090823486351e+01
2.471809462286770653e+01
2.409549004747019296e+01
2.568697316880502157e+01
2.566009465021177860e+01
2.633176977399864072e+01
2.601535006132580818e+01
2.583652111648088123e+01
2.523972524030427067e+01
2.551334410987967516e+01
2.425747258732798528e+01
2.424991999724560543e+01
2.564173952091320885e+01
2.390245677892288967e+01
2.607476587491661491e+01
2.390331852648360211e+01
2.835115130214092716e+01
2.445900946560394118e+01
2.483716113030360617e+01
2.295386726445910952e+01
2.745792766608065705e+01
2.868924499271795980e+01
2.543872338625977392e+01
2.376559945670933871e+01
2.390947056356028000e+01
2.334292459191375713e+01
2.509912521352007531e+01
2.684663432124228422e+01
2.252505021683032282e+01
2.314282304225013931e+01
2.497110579054592350e+01
2.396647281182206513e+01
2.193208419421291566e+01
2.623926828577878823e+01
2.262300777082279524e+01
2.494012306478491325e+01
2.234543501907349139e+01
2.746808159706300145e+01
2.669987267068756509e+01
2.229443047065750960e+01
2.694338608257517009e+01
2.381919533967605673e+01
2.583360673520741102e+01
2.237901250269623787e+01
2.304227914764098273e+01
2.207902453912500462e+01
2.301409454650577047e+01
2.374999328196910042e+01
2.433195609578827501e+01
2.665104622595495343e+01
2.434506485465438175e+01
2.470291273843573876e+01
2.515300115698142136e+01
2.322408472930219503e+01
2.588673310324816512e+01
2.784105457998887090e+01
2.569255170866256321e+01
2.501723097824374165e+01
2.625021308813301246e+01
2.427101506234442851e+01
2.447200469376064191e+01
2.506772097256478560e+01
2.144008780069156117e+01
2.248972883639159548e+01
2.269297321789853683e+01
2.514070376115119387e+01
2.527012425981056154e+01
2.295993611057559391e+01
2.463298715886498158e+01
2.716411586170077541e+01
2.655087777752803291e+01
2.515627148365724963e+01
2.475053107427824983e+01
2.320105625707654440e+01
2.214864934586285017e+01
2.725432464240358499e+01
2.270322744257024894e+01
2.495745355167258239e+01
2.124283103037149445e+01
2.414820339323409826e+01
2.477192480312187328e+01
2.599609686322346391e+01
2.626189894167740846e+01
2.392041352731929038e+01
2.429476329369399323e+01
2.294608718280253967e+01
2.885816224974630728e+01
2.369796441342787574e+01
2.685098173492577800e+01
2.671764717130216127e+01
2.642588238735815054e+01
2.180158973924623567e+01
2.675782553588815915e+01
2.565975528500275615e+01
2.324903302206333322e+01
2.756336360203036051e+01
2.237858072892427685e+01
2.542852713608587223e+01
2.524859688815665493e+01
2.516412915165986064e+01
2.634088841799508884e+01
2.546463224612888965e+01
2.483796194933149692e+01
2.281779616406709010e+01
2.716876050831945832e+01
2.354975802547137320e+01
2.502405827632606972e+01
2.555756696010653428e+01
2.476241492246506937e+01
2.718650257640139145e+01
2.474970262559406464e+01
2.388654085938672011e+01
2.456537600513679109e+01
2.685765605260752764e+01
2.562119586519026271e+01
2.718733032612053080e+01
2.474406008890334974e+01
2.448631017866758341e+01
2.666067758877830229e+01
2.684429471809437828e+01
2.810834222826946416e+01
2.836935902792590269e+01
2.666315425472961209e+01
2.411904617083837365e+01
2.504960409341318694e+01
2.353415922335872423e+01
2.645557003826512954e+01
2.771768713426661535e+01
2.469617706568442372e+01
2.370446425994201789e+01
2.430143073686197397e+01
2.518984574572999335e+01
2.295756670438539970e+01
2.451191316928333208e+01
2.520574393634192845e+01
2.158870264328440669e+01
2.425907715103662099e+01
2.331999841762706183e+01
2.333833925356607253e+01
2.670518440520273629e+01
2.171412125352711442e+01
2.499355491722872813e+01
2.328834072765976160e+01
2.367817491545250164e+01
2.358217426394410055e+01
2.661897277621901736e+01
2.179612753806385328e+01
2.588736426798751822e+01
2.697388463513587809e+01
2.545328751169491355e+01
2.711912027848387652e+01
2.417254137242457546e+01
2.531593276638359669e+01
2.860442626302700120e+01
2.594306817710119262e+01
2.751625986480788910e+01
2.601461276500235797e+01
2.285935327590669885e+01
2.388754727878210105e+01
2.419682223229686002e+01
2.311476279817705048e+01
2.798911594837217010e+01
2.653285420298733399e+01
2.717476447786886951e+01
2.467464447310947762e+01
2.502168525455068959e+01
2.544617486596236589e+01
2.606064219447766561e+01
2.518572795937150133e+01
2.280286994775230625e+01
2.665187498747964057e+01
2.317437970569127259e+01
2.572817326028102869e+01
2.683425204964877508e+01
2.290155531775197062e+01
2.333153509659915059e+01
2.426502667320358952e+01
2.898836798358898292e+01
2.249783246976908302e+01
2.552520508617886819e+01
2.306988045764592599e+01
2.627224150761880495e+01
2.319825354645951521e+01
2.335141345171224359e+01
2.286699754795125727e+01
2.366014592828641128e+01
2.136991390178467753e+01
2.330242291605572547e+01
2.429505804763661203e+01
2.448804563997719086e+01
2.516689428750821023e+01
2.516620997689337003e+01
2.482684839256572573e+01
2.408033329958450963e+01
2.367463724006625014e+01
2.587796599853304613e+01
2.477110028378413631e+01
2.444799584121684788e+01
2.688741876280276699e+01
2.366719880750634886e+01
2.541548768697449034e+01
2.727124446183827899e+01
2.092234759215895323e+01
2.670832643032416698e+01
2.026279408696557738e+01
2.604497630128993535e+01
2.831245286148480034e+01
2.212618217046843938e+01
2.629031511982952907e+01
2.640589465808351477e+01
2.643735733902393292e+01
2.278689405361556197e+01
2.371282083863633972e+01
2.246901729017198335e+01
2.393786787550952155e+01
2.135730238361136202e+01
2.500379935302433054e+01
2.262118861486241883e+01
2.622008604725641945e+01
2.621898105409134416e+01
2.539290919150165138e+01
2.580320568920096846e+01
2.631304725529769328e+01
2.418587737350771505e+01
2.592468905639720944e+01
2.529314594977395814e+01
2.526775274250053016e+01
2.490666983863881967e+01
2.635394273097282891e+01
2.388231385246385940e+01
2.348625292113180052e+01
2.815254541002369493e+01
2.349927220730470268e+01
2.429812985560807803e+01
2.310894717492474015e+01
2.613400887458208288e+01
2.616188375725521809e+01
2.295182093022692271e+01
2.663295392616100088e+01
2.573121539284263548e+01
2.550472951198515048e+01
2.371007091625773811e+01
2.491673035940452863e+01
2.918990197732280123e+01
2.488190677585903643e+01
2.021080882936295353e+01
2.399178032409875527e+01
2.649166578294932606e+01
2.574102510777625241e+01
2.374077466961044891e+01
2.356441681660705711e+01
2.368189601063823346e+01
2.515848549789300037e+01
2.393355945801993911e+01
2.286014196601665205e+01
2.364413907742282817e+01
2.973905635723062701e+01
2.297095664802171555e+01
2.602462307334118918e+01
2.724054033586089574e+01
2.344320611846637803e+01
2.377284094713097673e+01
2.491387219112477425e+01
2.326533335249317958e+01
2.522431114600130897e+01
2.462895774932782444e+01
2.421914410936564721e+01
2.671034554209342105e+01
2.431105696049661091e+01
2.671824023588347785e+01
2.086769930296539144e+01
2.685117112443544585e+01
2.581533708662995963e+01
2.469050256010467237e+01
2.592127927053693170e+01
2.368367680021185251e+01
2.518546180420414160e+01
2.288917485864233470e+01
2.540741501705209515e+01
2.123811730579265955e+01
2.508414042874160543e+01
2.467199754714359372e+01
2.717965916323635511e+01
2.363996249161091256e+01
2.296961862736313265e+01
2.428064687927575704e+01
2.742941792747420493e+01
2.527015656959479273e+01
2.660006396404778428e+01
2.209593239811701437e+01
2.526819058378727334e+01
2.551704975543093923e+01
2.280910742036003214e+01
2.288940099068139844e+01
2.688538329245549363e+01
2.528614026593474051e+01
2.353758050663261159e+01
2.554686404488574425e+01
2.327277362982825082e+01
2.539741831662515636e+01
2.476364602829400141e+01
2.404389831936703814e+01
2.681795068463609510e+01
2.619475839025031405e+01
2.621473065107429079e+01
2.271354011967422792e+01
2.523830525117310941e+01
2.885373316482379380e+01
2.534796825073269133e+01
2.738622084998390704e+01
2.539918735772917913e+01
2.333497395506795868e+01
2.367445198853563326e+01
2.514642817538149799e+01
2.465449371717447846e+01
2.728561957491910306e+01
2.414095943945832445e+01
2.529925157526992407e+01
2.284118553422645803e+01
2.846664432628773156e+01
2.463167834027966663e+01
2.609626848634596286e+01
2.214592415167984285e+01
2.713556901594534310e+01
2.439350540596031536e+01
2.684831652796911428e+01
2.502030479223521908e+01
2.646406174302957837e+01
2.724378582051732423e+01
2.247473460334288475e+01
2.438299131602703795e+01
2.777476781302711117e+01
2.544195070236394329e+01
2.390803353361749473e+01
2.208346256236996297e+01
2.383598675745678719e+01
2.312873196845999502e+01
2.293496845564601472e+01
2.117737311714006054e+01
2.391334150280538040e+01
