3.230832299801604535e+01
2.986831316362906819e+01
3.089266357581728784e+01
3.463604908572320795e+01
2.812975131213660873e+01
3.052021257026134293e+01
3.189619273661281440e+01
3.248340999838728749e+01
2.520052079144402413e+01
2.908920535715825295e+01
2.789148958232832953e+01
3.226519159907862644e+01
3.126352943876335644e+01
3.077176535904089505e+01
3.027181469430335881e+01
2.728606422625071559e+01
3.115412347517331781e+01
3.426543890650594903e+01
2.819685056462423844e+01
2.972703060043539125e+01
2.839556698074958518e+01
2.813810956343345282e+01
3.406644337175332282e+01
2.873015626685474544e+01
2.536714069495980084e+01
2.838465130267974601e+01
3.172681995011208045e+01
3.270176615169263812e+01
3.500596978106645452e+01
3.123944182119131341e+01
3.048460974554297920e+01
2.915495900383990957e+01
3.060446316809652956e+01
2.796243991554523234e+01
3.177997542139895160e+01
2.945303593542074339e+01
3.242531802435506449e+01
3.695055451359525023e+01
2.976685662835784285e+01
3.240749583770259790e+01
2.556397191308488814e+01
3.036003931705171865e+01
2.790307046819801329e+01
2.872243171295922792e+01
3.265973158588899139e+01
2.754018985433507183e+01
2.901621948516160998e+01
2.871476055654094495e+01
3.393725706363832018e+01
2.956778675136768797e+01
2.923793861965562968e+01
2.847330473083295388e+01
3.067239314750771229e+01
2.366963711284125438e+01
3.025624302951478839e+01
3.150338127740453587e+01
2.926494004314588082e+01
3.004714752708045822e+01
3.221276595385246111e+01
3.340343765602397497e+01
3.076696879567853316e+01
3.027796141048807854e+01
2.895290862877864768e+01
2.927055164620675143e+01
3.116178507645223306e+01
3.208741473987791437e+01
2.707474371926900503e+01
3.223989899240248747e+01
3.005518784740255001e+01
2.889767680288019491e+01
2.904303656458490934e+01
3.016780198696443094e+01
2.666177434587643091e+01
2.951405993661284910e+01
2.893799360895828698e+01
2.467803966254036396e+01
2.709663538124708992e+01
3.371936007220040210e+01
2.723411512558599412e+01
3.064738100094787399e+01
3.183737255127036647e+01
3.302543105792322820e+01
3.042423234394475173e+01
3.279828951096201450e+01
3.096030311225233689e+01
2.782420386405181034e+01
2.998073493781395271e+01
3.065729858165239818e+01
2.832387775346228764e+01
2.798548684085880467e+01
2.973439579649497944e+01
2.546917873399840460e+01
2.853628290268718004e+01
2.964607018447559383e+01
2.539768754649333715e+01
3.161455670560529185e+01
2.666283195895826807e+01
2.873184294583332488e+01
2.982596951896528736e+01
2.777898545732632485e+01
3.009499207772861240e+01
3.104848144365155349e+01
2.775942204151341031e+01
3.234937691290100759e+01
3.060040676298682172e+01
2.238233365914368989e+01
2.174877387697922160e+01
3.161943530889806908e+01
3.170467801538455177e+01
3.151402232027522032e+01
2.612813516103977562e+01
2.514865273288454262e+01
2.748384361784113139e+01
2.595101242794045504e+01
2.605842892060864457e+01
3.339526614702558760e+01
3.320972207956825883e+01
3.058854588469514013e+01
2.681402432033814875e+01
3.085567123484231544e+01
3.194919183981173205e+01
2.811728587144132874e+01
2.599557965927474612e+01
2.998171837658764716e+01
2.645768110901791204e+01
3.311278670125815893e+01
2.936206512148961423e+01
2.663917122415752914e+01
3.186411795060728736e+01
2.804182251090000477e+01
3.265459568759378328e+01
2.641867319487018761e+01
2.576104325129045947e+01
3.156092712135311018e+01
3.031632407030281229e+01
2.915599279565691759e+01
3.041155907226088928e+01
2.691401020823195722e+01
2.775739079413555643e+01
3.294433226193998365e+01
3.150960694856923894e+01
2.873984694806994966e+01
3.042725496507750904e+01
2.835556127385092395e+01
3.108372256685489177e+01
3.214929763899063886e+01
2.745410487146073208e+01
3.058842119768483059e+01
3.376855962579357140e+01
2.611833911697650024e+01
3.415704518185032157e+01
3.101348047314552403e+01
2.694227987665322388e+01
3.039098851212379060e+01
2.728492456668874411e+01
2.754631774225481422e+01
3.267179987259049057e+01
3.299587151001102825e+01
3.164126762289931705e+01
2.800478312794711755e+01
3.185127167972612483e+01
3.178454062721274909e+01
2.780020272339874055e+01
2.202609548617827073e+01
2.466784953886375575e+01
2.829604461086146472e+01
2.610271177388261776e+01
2.983722561087638780e+01
2.957157929237095573e+01
2.842539230401999717e+01
2.532418550399417967e+01
2.904438070648111747e+01
2.767627060008968698e+01
2.500764181068479175e+01
2.938182430749204954e+01
2.776453439596470574e+01
2.768830947972437073e+01
3.442851790284379376e+01
2.955883451522641536e+01
2.617509105734248820e+01
2.877197315735936911e+01
3.055029142190868896e+01
2.758383496669894441e+01
2.464459480633303556e+01
2.594937750119702713e+01
2.652258455728894049e+01
2.723823956564680060e+01
2.620689596912011510e+01
2.744951195800504706e+01
3.100440060024505229e+01
2.826227563493097605e+01
3.018939778777983207e+01
2.549546484101194110e+01
3.148801105950872525e+01
3.146320112391877899e+01
3.039074313315678921e+01
3.050560462835395370e+01
3.221126904855637463e+01
3.123595666055976849e+01
2.922228182541664410e+01
3.317783675601224758e+01
3.259549250859333824e+01
2.708739694131798004e+01
2.708454723156620148e+01
3.192638224570846717e+01
2.671336017058205314e+01
3.133975788796796280e+01
3.356978577907030825e+01
2.989704365727848767e+01
2.622415852156245819e+01
2.888691309608437408e+01
3.487433495098429859e+01
3.130521482051337046e+01
2.556711598522156237e+01
2.626817226427458607e+01
2.958233911394476934e+01
2.806729831232674854e+01
3.232871074846091375e+01
2.723993315821881822e+01
3.144730443008089438e+01
2.599945502767734240e+01
2.760247681348513993e+01
2.801563333182716775e+01
3.182032113404295259e+01
2.714035627169034726e+01
2.579569781133626449e+01
2.629150844416666644e+01
2.944328818264397896e+01
2.808999365940644921e+01
3.101623155253040665e+01
2.916691286615003520e+01
2.800525229834326879e+01
3.150784018407169285e+01
2.814634882016742168e+01
2.877130274412891353e+01
2.792417941467723708e+01
2.503666633868773772e+01
2.640520878075042432e+01
3.201653208292206898e+01
2.843083601999125420e+01
3.356138730681873739e+01
2.670747111854350564e+01
3.071574985397289836e+01
3.170145994737145756e+01
3.285128000678398053e+01
2.741999358247056762e+01
2.433546578311451469e+01
2.898433162146486097e+01
2.841979001566365781e+01
2.846177808913196117e+01
2.935670016562600537e+01
2.766179488815893706e+01
2.931578801057425920e+01
2.975953412073810966e+01
3.010229526242191866e+01
3.015925736010943581e+01
3.112468280888002425e+01
3.421029690068501594e+01
2.504317812999312665e+01
2.762634036623095213e+01
2.468795096710409709e+01
2.747051602521127478e+01
3.072275951730727783e+01
2.782559648562863686e+01
2.916355389381076080e+01
3.023446066435069568e+01
2.898067378845089692e+01
3.186840317457314598e+01
3.145751817361851010e+01
3.196622990631497174e+01
2.557585782809171704e+01
2.983257186729685273e+01
3.127090929890371740e+01
2.566082700302757047e+01
3.085735861579126649e+01
2.719720231304639313e+01
2.871757638558585768e+01
3.094837456035664047e+01
2.585740143720025941e+01
2.864639668668328909e+01
3.385574142862017055e+01
3.031285438855950432e+01
2.671501512354171837e+01
3.065134126281479965e+01
2.852229027502566083e+01
2.740501475361648076e+01
3.124778970570138270e+01
3.159451813298950640e+01
2.403194825263387457e+01
3.410638926353494327e+01
2.681944751980171304e+01
2.875109155213928958e+01
2.959721958655950047e+01
3.013968671259223697e+01
2.884904026986869852e+01
3.283310044347576451e+01
3.245683516927770285e+01
3.206355602151562323e+01
2.686817127304246000e+01
2.515319164118161765e+01
2.903475872749714171e+01
2.842754515806393201e+01
2.776002926617325883e+01
2.797853271185719848e+01
3.087760234116360891e+01
2.727879309102191385e+01
2.973976846142434383e+01
3.238957883952350159e+01
2.684564196281124282e+01
2.650408478883922925e+01
2.454770399090236666e+01
2.966002630517875716e+01
3.409039600187288954e+01
2.595837811899480840e+01
2.912481928367155248e+01
3.277914489687825750e+01
3.238667794055712079e+01
3.039385028373004616e+01
3.130671815853953888e+01
2.380263947727857143e+01
2.819242255797646379e+01
3.185863745573869465e+01
2.726498337563208807e+01
3.036017005185226836e+01
2.686671680607594936e+01
2.343699035867673430e+01
2.854362361993414154e+01
2.941637644504043791e+01
2.764400692749313038e+01
3.127810230898536403e+01
2.939584598065233223e+01
2.716005617686425211e+01
2.828200227799175437e+01
2.425518130933570049e+01
3.403320871776254819e+01
2.931089365933037172e+01
2.852734108994022932e+01
3.210242922293551260e+01
3.148547746654211110e+01
2.773527567591025189e+01
3.134484155240740932e+01
3.016497116047263205e+01
2.494602873873941462e+01
3.046243947974609867e+01
2.527634140510020444e+01
2.838073204281294792e+01
3.067388227981676607e+01
2.918654989583694714e+01
2.533225958592800708e+01
2.614748511943695064e+01
2.626629646700203580e+01
2.855199434814900528e+01
3.165017606216286694e+01
3.025870594935656399e+01
2.488239515106518951e+01
2.831428371558123658e+01
2.867049903218840257e+01
2.997153831109162780e+01
2.782057551780602367e+01
3.057196556709619628e+01
3.164968152096611220e+01
2.988768114072485460e+01
2.196005795245304526e+01
3.514423757304604123e+01
2.880706510998140857e+01
2.922441111470762820e+01
3.385701283717845911e+01
2.827950885007864557e+01
2.566801099783637952e+01
2.946405180909408372e+01
2.766088545858295333e+01
3.573394406215857089e+01
3.307404567071766621e+01
2.796949937515746498e+01
2.850785880141449979e+01
3.064210382585559600e+01
2.619494742570310564e+01
2.660061273914960722e+01
3.007576465241321273e+01
3.250476170765498551e+01
2.663474779385708047e+01
3.043132894806117861e+01
3.164767559495429694e+01
2.668372681800744672e+01
3.077234223945656666e+01
2.805289672803764844e+01
2.845952809239191694e+01
3.129745235536766046e+01
3.227876429471937314e+01
2.817435227397083253e+01
2.839058927223783968e+01
2.492812236195936038e+01
3.197305805432906567e+01
2.980993013939326275e+01
3.204102276468120181e+01
2.829358084696750453e+01
2.712501320759322709e+01
2.877451438537733353e+01
2.424220599529727949e+01
3.065853322721740781e+01
3.398869924815797816e+01
2.957810331156663608e+01
2.765768828933119394e+01
3.153782301370068097e+01
3.023196894236494359e+01
3.203216760750017755e+01
2.622505888127023610e+01
2.854442406573021884e+01
2.685104054039460308e+01
2.572837780258560159e+01
2.565165587244833034e+01
3.223297498740742384e+01
2.951736623214209132e+01
3.077754244731271527e+01
2.605146709936286342e+01
2.784971405596173355e+01
2.573762364489605758e+01
2.816543512559945484e+01
2.993586936896051398e+01
3.077127614560480495e+01
3.288907494967985912e+01
2.769258295013874260e+01
2.619945624290059527e+01
2.952311041021352267e+01
2.797210006057024501e+01
3.028628915352579654e+01
2.764882984136244559e+01
2.622318090219234321e+01
3.263750409775443728e+01
3.328849899111722976e+01
3.013088029713259530e+01
2.900201861654180036e+01
2.696896192608205212e+01
3.078294174488739543e+01
2.673774885472442620e+01
2.680174371240657649e+01
3.091176297701912645e+01
2.744300324827944237e+01
2.694864288892248894e+01
2.579474179718131310e+01
3.119888620103828814e+01
2.533321822141645541e+01
2.860568313528980156e+01
2.952931569532663048e+01
3.017408080368324974e+01
2.507106709896601870e+01
3.146334006102661007e+01
2.739421015164322171e+01
2.445796016612347401e+01
3.046387271610543834e+01
3.167878750603742688e+01
3.158999076767529601e+01
3.227916586336898064e+01
2.741847328653496163e+01
2.765047205676894038e+01
3.024494014253953011e+01
2.552907125236511021e+01
3.265333493686024013e+01
2.588325294350621419e+01
2.957324004582671861e+01
3.098892677143830099e+01
2.600452275572826011e+01
3.158336889950743398e+01
3.232104394194355024e+01
2.706672252753557828e+01
3.304395018255983274e+01
2.697868802375538877e+01
2.950861219052281825e+01
3.209761667030672783e+01
2.947504395465642801e+01
2.715503606122492286e+01
3.372719856402433436e+01
2.700706005846992852e+01
2.723331486852006478e+01
3.264975585228911825e+01
2.672746158243305459e+01
3.109407669877143832e+01
3.226472230501884297e+01
2.675535140826246305e+01
2.627496169259688941e+01
2.652919340110147672e+01
3.330284506367398478e+01
3.082772927581547862e+01
2.877214654592049570e+01
3.102398625804776344e+01
2.806328776979028206e+01
2.510929539640314090e+01
3.288951208425351069e+01
2.834652453882118195e+01
2.650093074381237557e+01
3.081545378200328855e+01
2.912166099120948104e+01
2.807007502587435255e+01
3.280367310301156891e+01
2.920945411438961514e+01
2.657385872950808192e+01
3.133905268978556435e+01
2.845476226834742661e+01
3.047297330778823721e+01
2.809843230568405659e+01
2.656956208841910794e+01
2.938651635030672082e+01
2.877865493980363709e+01
2.857682746324047685e+01
2.701853324375616339e+01
3.462202807310485042e+01
3.201453730156326571e+01
3.113598351002126208e+01
2.770644891879127769e+01
2.762004034848206402e+01
2.436892828210606154e+01
2.890875013532067683e+01
2.898777163417139846e+01
2.286088944800597744e+01
2.718073290929905994e+01
2.784538682193786485e+01
2.843312320043428798e+01
2.725119087846474386e+01
2.495550068989296477e+01
3.196442828723982288e+01
3.097495691220346714e+01
3.051821468531028714e+01
3.031868453907130601e+01
2.629165207717382202e+01
2.835666503298359231e+01
2.657207472359086964e+01
2.904922443117846242e+01
3.164804673510132815e+01
2.861189375401812285e+01
3.163078843491368630e+01
2.732668770929795343e+01
2.897773547737495292e+01
3.295869620247846399e+01
3.111495579392934729e+01
3.222121909340617663e+01
2.806371926175165399e+01
2.961666170028811251e+01
3.203602879717946905e+01
3.170430673439520675e+01
2.915649550199867690e+01
2.879481630282020177e+01
2.779865653715146223e+01
2.592728060792715894e+01
2.881582013593047265e+01
3.062099125155932811e+01
2.835215229485372390e+01
3.066983543364568021e+01
3.211428282249322308e+01
3.207408385996003375e+01
3.201660636182101172e+01
2.984363038528193357e+01
2.834703958678299784e+01
2.832585779806691306e+01
2.635402731631401707e+01
3.374953989869044335e+01
2.945644951635587105e+01
3.104089479574443189e+01
2.905316898949205395e+01
2.757052130236463583e+01
2.897295605586175427e+01
2.640613734617463493e+01
2.547348183681186740e+01
3.388132827130153402e+01
2.614371018110599465e+01
2.644845528384578870e+01
2.556989438488516697e+01
2.506989669368467943e+01
2.876071516595817101e+01
2.725944067542835469e+01
2.788689660296187611e+01
2.888440706196306706e+01
3.085553335801397878e+01
2.697542035723781240e+01
2.691185589635211528e+01
2.790002512683053126e+01
2.788687792491363382e+01
2.852973966353872015e+01
2.993168127297209935e+01
3.208111277083352064e+01
2.805545551926781656e+01
3.478837229187959679e+01
2.746408592977391550e+01
3.238254384099300154e+01
2.872240766631786713e+01
2.821067610017704297e+01
3.086729409630962095e+01
2.860056276676275999e+01
3.145725025273061704e+01
2.742799778672700484e+01
2.667139550344957399e+01
2.647207424757343475e+01
3.074150663761402313e+01
2.995347478012385878e+01
3.240370223793595983e+01
3.041762073761384855e+01
2.491347211808079010e+01
3.116560684370689316e+01
2.710153416227444367e+01
3.512226835351739140e+01
2.693675351651683059e+01
2.998978686474810473e+01
3.482838890373598417e+01
2.737668509776629122e+01
2.513480436359899528e+01
2.595362270302879892e+01
3.052877191492062536e+01
3.197058055153093648e+01
3.082320529894618488e+01
3.024466962569897532e+01
2.810268129652936153e+01
3.247249574550853879e+01
3.199567755112335732e+01
2.652079172046089184e+01
3.319690895043190437e+01
3.148832183141917440e+01
3.077843463283380743e+01
3.311492207689403244e+01
3.105384255238189084e+01
3.218174130223864893e+01
3.110644783669473057e+01
2.767469949695322029e+01
3.186784372064122550e+01
3.068239874601266592e+01
2.943133786072039726e+01
2.881915296553242101e+01
2.897180917466153716e+01
3.005997257908565246e+01
3.433930108204171461e+01
2.951425779480834066e+01
2.704916475776843043e+01
3.304357738879411244e+01
3.175939127233012726e+01
2.383210457549698447e+01
3.028725973117235526e+01
2.872073140076890851e+01
2.988680850213350837e+01
3.148855376729946443e+01
3.188900895037393113e+01
3.073554441453117292e+01
3.062356571350511913e+01
2.558534163065254674e+01
2.981819982871445163e+01
2.714072046539569527e+01
2.583838234512702314e+01
2.711059425751814445e+01
3.009689935243030945e+01
3.425895816930849946e+01
2.837243535457496080e+01
3.202795549642665662e+01
3.154213501527328845e+01
3.059843290612682409e+01
3.258005020646533012e+01
2.988008572638516114e+01
2.398253934442323043e+01
2.652463449684121954e+01
2.977418952588712031e+01
2.613576876235228141e+01
3.288712373773488196e+01
3.030097756723921520e+01
3.111577741480316917e+01
3.012628399519127953e+01
3.010413032114913889e+01
2.979546828842232031e+01
2.852682692420039245e+01
3.019370620360071555e+01
3.004614275480745533e+01
3.207107132138328609e+01
3.028923982009153093e+01
2.995941145063221356e+01
3.253480941864180664e+01
2.737619630315347408e+01
2.931618849480210542e+01
2.852867683077747429e+01
2.758346166190835902e+01
2.875177151040594836e+01
3.032434904368398776e+01
3.392061932522874912e+01
2.960816300872930995e+01
2.969574202498313298e+01
2.793168521912514635e+01
3.165361590966394800e+01
3.417109382315828014e+01
3.190700076572485244e+01
3.054878302474295637e+01
2.867758531112009379e+01
2.688992464975541452e+01
3.093495943419810956e+01
3.308547813158968864e+01
2.827683968466189768e+01
2.778799093877701765e+01
2.757762992806481606e+01
2.671440837643196176e+01
2.667132552393914580e+01
3.028128153019621394e+01
2.848306143779581490e+01
2.911568153676154225e+01
2.415102813216151389e+01
3.290216911232323582e+01
3.148143513115727288e+01
2.881693230400281536e+01
2.972734740135320308e+01
2.765381147405513929e+01
3.164347413098969142e+01
2.688560801878110595e+01
2.699584540903128271e+01
2.727015309293550516e+01
2.417363322071326692e+01
2.970824871852302351e+01
2.987631303560419482e+01
3.051768186786587833e+01
2.529583343728584310e+01
2.761896784479173661e+01
2.976867449900279894e+01
2.897660581548480607e+01
2.790586223748347905e+01
3.427879734700523073e+01
3.107328842034567273e+01
2.943200819759115205e+01
3.006373669465071430e+01
2.763492536030268454e+01
3.325211283097758752e+01
3.042761992961809270e+01
2.463868647792112299e+01
2.522480841020702513e+01
2.659709572766753993e+01
3.146860176483119886e+01
3.056498082379314241e+01
2.684672716477036758e+01
2.854325569701208920e+01
3.215864514696570353e+01
3.063663346367290075e+01
2.662256751198368576e+01
2.817125664032170462e+01
2.588679532423927299e+01
2.581526247153787423e+01
3.294460760517482356e+01
2.537097915157833583e+01
2.718987258030922405e+01
2.565342371968857904e+01
2.806540993156226804e+01
3.026461665569860315e+01
3.335914581944539492e+01
2.978726482508239215e+01
2.923037353257670290e+01
2.935976204376297360e+01
2.729558706291755144e+01
3.230664403006679208e+01
2.715321326429775795e+01
3.248591569978254512e+01
3.082379201690485715e+01
2.728868461748500351e+01
2.929195319123522623e+01
3.371279296779920998e+01
3.160038533023541518e+01
2.977107125620455008e+01
3.479805553371822668e+01
2.696446417066579571e+01
2.932124421310733098e+01
2.843085035301251651e+01
2.712760765201772628e+01
3.173048791629514298e+01
3.086832019234928026e+01
3.023979968465094714e+01
2.644883221643736704e+01
3.073237244608849039e+01
2.733608995285215926e+01
3.194827886755230040e+01
2.948706572518548086e+01
2.922818564043091527e+01
3.508817343734551031e+01
2.823931127992785761e+01
2.892911753057130753e+01
2.880400051300541264e+01
3.210171956476091282e+01
2.876605765647071777e+01
3.054749494124573417e+01
2.705935905490442650e+01
2.947541824769946928e+01
3.088787734732855483e+01
2.900690371445172744e+01
3.275514872696514601e+01
3.417684332631127120e+01
2.881695974978917008e+01
2.544143055664145336e+01
2.854345608084148722e+01
2.768366151729848212e+01
3.385019373795656605e+01
3.358984662972385138e+01
2.830568127468738382e+01
2.888695008145138132e+01
2.788365265583090036e+01
3.057640676878994768e+01
2.937456870832452083e+01
3.109946278652749641e+01
2.934271089442122715e+01
2.525627964884764864e+01
3.127615022183002580e+01
2.805395565143003722e+01
2.427393893334002328e+01
2.971873449408507639e+01
2.650979087577991322e+01
2.968064537344245224e+01
2.775283883134394003e+01
2.983625297066735982e+01
2.875697175296699726e+01
3.121013445451595203e+01
2.669455611173529519e+01
3.165719156094635522e+01
3.269356624540113643e+01
2.992726661306805269e+01
2.890874797291111165e+01
2.825725721954966829e+01
2.851432807682949289e+01
3.405601247458334768e+01
3.365347289643241169e+01
3.366009644170856774e+01
3.088610613044697217e+01
2.584728422412979043e+01
3.097953638106879737e+01
2.953415628581148056e+01
2.458588760658031092e+01
3.469873680820058581e+01
3.079374276729839011e+01
3.298626373330895234e+01
2.898197537609742724e+01
3.275134340840799752e+01
2.809847810013809166e+01
2.886546020394581191e+01
2.860707602748591327e+01
2.723660855280226301e+01
2.974938995758864024e+01
2.633677763124935467e+01
2.975136837476567209e+01
3.127975828993900365e+01
2.664786256997088287e+01
2.695676704840569116e+01
2.804195301640127624e+01
3.699946948127439583e+01
2.740174246945045766e+01
3.299828626546153743e+01
2.834417432829756933e+01
3.097431839308136148e+01
2.535053932867383608e+01
2.684295453706043233e+01
2.715920074927773697e+01
2.746017851180576130e+01
2.414967289965208508e+01
2.690242713574536282e+01
2.673287808963126366e+01
3.230993091010192586e+01
2.943801918703542242e+01
3.027046726965763668e+01
2.978457593348339216e+01
2.955374438604162890e+01
2.834001399817746503e+01
2.932005990378312177e+01
3.109255163547140555e+01
2.868176082701524976e+01
3.266052709932275633e+01
2.911139989375372039e+01
2.981955259495298449e+01
3.187862304149815529e+01
2.576648184312905698e+01
3.078773088978090655e+01
2.622284133224024671e+01
3.076150250951381437e+01
3.138682929784486220e+01
2.533354061354662079e+01
3.006313595682705753e+01
3.137577600890613638e+01
3.109846017254030315e+01
2.848356725747851925e+01
2.663723961053695533e+01
2.659289767315527442e+01
2.608520621855850052e+01
2.418730967154167999e+01
2.894948638498189553e+01
2.707521756147458447e+01
3.160519403131743843e+01
3.298890551121460391e+01
3.093923727074448493e+01
2.986192386178650438e+01
3.213828054969712866e+01
2.891873533686755948e+01
3.298153895060519858e+01
3.275578885667119522e+01
2.832012745400099263e+01
2.772388686906072053e+01
3.152198072264760853e+01
2.906290747942122366e+01
2.618665065369525635e+01
3.271648785504656587e+01
2.617248676527729145e+01
2.598366248584128613e+01
2.793232140613855208e+01
2.951807629354182083e+01
3.085610174217472235e+01
2.804242227367537765e+01
3.225781829253670452e+01
2.982509705161465519e+01
3.241133295202530462e+01
2.820405161768425373e+01
2.908749036801331656e+01
3.481412310552360623e+01
2.773760714733182908e+01
2.410234275745481014e+01
2.881217047630316586e+01
2.957456658579157605e+01
3.033794679563983010e+01
2.962588081265151985e+01
2.809740483745057205e+01
2.707767577546456295e+01
2.968037941321539819e+01
2.664548525158578940e+01
2.702061300612269790e+01
2.869218164731780618e+01
3.707458468889543468e+01
2.959994556344504346e+01
3.052254167187020073e+01
3.063364788591526278e+01
2.840703526932614409e+01
2.897598010249042844e+01
2.756148897059384950e+01
2.824253592308450678e+01
3.064759818314960071e+01
2.919277806578795520e+01
3.183225291896582476e+01
3.293947025227435432e+01
3.021771748056482565e+01
3.367547458980126152e+01
2.365432133172635787e+01
3.077042712763608989e+01
2.941911584334503615e+01
3.157686846442189577e+01
3.317703077022316194e+01
2.800924858933913697e+01
3.099073155227235077e+01
2.679374375119825658e+01
3.095855012042460075e+01
2.288284381943650203e+01
3.244640562585821897e+01
3.267955231722871190e+01
3.327144807834468310e+01
2.739796236988106415e+01
2.598378387725024297e+01
2.805387913951210876e+01
3.218023819402161223e+01
2.914326357665085965e+01
2.984966497787899797e+01
2.812525989401533977e+01
2.833398596688094884e+01
3.085692706124347495e+01
2.664127096172878240e+01
2.650718308969126369e+01
3.290449648583837927e+01
3.120830808943984280e+01
2.587556519844708447e+01
3.049231611357324212e+01
2.674073131439941875e+01
2.980491026724330794e+01
2.645935664402540866e+01
2.803756005943604279e+01
3.325954599974080139e+01
3.265058846842540419e+01
3.061103798888472483e+01
2.784851738535611432e+01
2.735486164913017149e+01
3.289717535256104952e+01
2.956065113042830816e+01
3.291429271112494348e+01
2.853221378871698022e+01
2.688638083211963803e+01
2.825320711125507245e+01
3.054214097838670838e+01
3.103959634176446158e+01
3.126184038950769661e+01
2.665576261286471649e+01
2.972851778635847708e+01
3.092060254435370936e+01
3.363731249630404818e+01
2.690232009537449187e+01
2.970584975116576842e+01
2.646053802975255209e+01
2.969390892207836785e+01
2.896764924125689689e+01
3.108645922215711366e+01
3.146082008856490475e+01
3.086305371056216273e+01
3.118108113661302383e+01
2.535712453407928990e+01
2.945160103356115400e+01
3.357449787031679733e+01
3.074322692485739950e+01
2.712458784050987504e+01
2.520357928715623430e+01
2.855019442424335452e+01
3.069327165206372143e+01
2.687884229087625698e+01
2.520564916902922192e+01
2.755345508335419780e+01
