3.003419750556514956e+01
2.505665292205216588e+01
2.807651824651279782e+01
3.275414230014448691e+01
2.822600643240604867e+01
2.951434703154761152e+01
2.935228216214709107e+01
2.801043815920340307e+01
2.418976414596504299e+01
2.575657042797461571e+01
2.572934152484985049e+01
2.860883282390642179e+01
2.704135721618194310e+01
2.782131165509443349e+01
2.867082038045966286e+01
2.362256355992381529e+01
2.891396424067743354e+01
3.119816166967532212e+01
2.641570500717703851e+01
2.713921022248124970e+01
2.479413077120647557e+01
2.529442322517789421e+01
2.886694312102273585e+01
2.596768063373338364e+01
2.452259991721030374e+01
2.465685855906798096e+01
3.021760232220683662e+01
2.880071718210246345e+01
3.168545764849892166e+01
2.615205243904895482e+01
2.742906982902237090e+01
2.772360429696121287e+01
2.971424618820230990e+01
2.448558174446744928e+01
3.057588134795575741e+01
2.694148538040139940e+01
3.100341949014055842e+01
3.300216406835374272e+01
2.674785712915271674e+01
2.835695524495836395e+01
2.222967365198060108e+01
2.720672083516346973e+01
2.479217879873585062e+01
2.741983984599804103e+01
3.016636319779209430e+01
2.496000853693134047e+01
2.865330858544049164e+01
2.649641661172618967e+01
3.053333225860380651e+01
2.828540065450828322e+01
2.424195627831500133e+01
2.389694680132910776e+01
2.645528463681310427e+01
2.105136786990056663e+01
3.085405043927280033e+01
2.968169717443340971e+01
2.827776784118739428e+01
3.055844877399925608e+01
2.888290237812440608e+01
3.161476623098339189e+01
2.824956694152344028e+01
2.977765758832285314e+01
2.604120723039053331e+01
2.725766107855957543e+01
2.896320536709400173e+01
2.837453367620610933e+01
2.659214872176658417e+01
2.933548522292531402e+01
2.741821309420779684e+01
2.544994044114800502e+01
2.726879133451792470e+01
2.720763479157992037e+01
2.527561653439633460e+01
2.914444065837206921e+01
2.677896746867152444e+01
2.174821558682760170e+01
2.223426083563171929e+01
3.045383324037432970e+01
2.225748262432389168e+01
2.792917148685786444e+01
2.906864991091108053e+01
2.878411994201704616e+01
2.799298328412387349e+01
3.013814031148273997e+01
2.796041226236649280e+01
2.327458096551734101e+01
2.828250056000672785e+01
2.744392280028398190e+01
2.481984252628330623e+01
2.598760079582219618e+01
2.641079188897394658e+01
2.329638222226539668e+01
2.538182939116153847e+01
2.782406779515723372e+01
2.140926763496658936e+01
3.011133415876631858e+01
2.280229909054816062e+01
2.588050637314377767e+01
3.009762622585436631e+01
2.712028550897046841e+01
2.799168503364150951e+01
3.052898759286470565e+01
2.688128268189582570e+01
2.905512858615960070e+01
2.737945071635504846e+01
2.154361383326660118e+01
1.907169316301865436e+01
2.624083954231801386e+01
2.950719391970016758e+01
2.948696529055134619e+01
2.302459575259450730e+01
2.322221932000537947e+01
2.543321053928276498e+01
2.252336757977237269e+01
2.284435068027548610e+01
3.010354694223661554e+01
3.008339187192152409e+01
2.625895852647065354e+01
2.288930678690799780e+01
3.069656283938424224e+01
3.005435459704255763e+01
2.525455672620324776e+01
2.263683377587333112e+01
2.846309446584381320e+01
2.367197910870380184e+01
3.143223974314491542e+01
2.470102465141697934e+01
2.368596928838469751e+01
2.935800643594817672e+01
2.441499788804506466e+01
3.063279982037167315e+01
2.431114588984429403e+01
2.361004113963764439e+01
2.824845299367504836e+01
2.664367517803431795e+01
2.760091170722908416e+01
2.736143736380227764e+01
2.273148249867343651e+01
2.543090828385446400e+01
3.023535564564445366e+01
2.806889453784064159e+01
2.684095191680249570e+01
2.577693800286668591e+01
2.802490286456962210e+01
2.939512318663296853e+01
2.911602356573503414e+01
2.365750823271370251e+01
2.647183903878378786e+01
3.171473550443961287e+01
2.447166686211409115e+01
3.141502641588105504e+01
2.857897777560337360e+01
2.442628083104960268e+01
2.828341124614537705e+01
2.450742503767498803e+01
2.480878835972904284e+01
2.967365670776820252e+01
2.839875637390764140e+01
2.934468310053415507e+01
2.656450285505291475e+01
2.708359201130921079e+01
2.795216138275778661e+01
2.671750592936858482e+01
2.019333157891557562e+01
2.204345237241931343e+01
2.609881016684699162e+01
2.415912656460323760e+01
2.801972727065037816e+01
2.845930312901425907e+01
2.458751263593050851e+01
2.178546251765395070e+01
2.662546253130793872e+01
2.483323413871952923e+01
2.219620416383161299e+01
2.629985505456748029e+01
2.465252134046122734e+01
2.533690747858372561e+01
3.133375113725293915e+01
2.519856467624778418e+01
2.467853873224992967e+01
2.425776578268007100e+01
2.908116798749146881e+01
2.325340509428803770e+01
2.290514337743107376e+01
2.472753765961944694e+01
2.308730368877802164e+01
2.475086333820330964e+01
2.300459143423698549e+01
2.520468332186392502e+01
3.012019579515506251e+01
2.434641608996107109e+01
2.774062895957396790e+01
2.199560892272218737e+01
2.924603139398841378e+01
2.896829957859022642e+01
2.998694275730980152e+01
3.053852734231877619e+01
3.004123547520155668e+01
2.874960084605620736e+01
2.559304238801017561e+01
3.083870858137217041e+01
2.913955653501234622e+01
2.591430931313545116e+01
2.185359930607866730e+01
3.041279966781876709e+01
2.207854152704197759e+01
2.859501415741928554e+01
3.070551771901947191e+01
2.728622695924388353e+01
2.259554759812302649e+01
2.558421389621246078e+01
3.190510104803369629e+01
2.818688137514011416e+01
2.402413340629727045e+01
2.243168929008446000e+01
2.589125381446717000e+01
2.572446164599771379e+01
3.075873694590862328e+01
2.355518339598182465e+01
3.032577873707645111e+01
2.273514590889888609e+01
2.460944321405349200e+01
2.595387368964293628e+01
2.764155513923306984e+01
2.408495666634848220e+01
2.417872912754260639e+01
2.459863621214384111e+01
2.594565268041748141e+01
2.605034384162474836e+01
2.824069598977443363e+01
2.804605103233905083e+01
2.442523275290001195e+01
2.892475738083358294e+01
2.335675538025585851e+01
2.636288499499750060e+01
2.684300350378345712e+01
2.343642920334081481e+01
2.376668332379371762e+01
3.244649090298629801e+01
2.655953859799434724e+01
3.045967757614945270e+01
2.323754579528578290e+01
2.681153768798846926e+01
2.881440497553393243e+01
2.928523900694756676e+01
2.444625021685536126e+01
2.177264748547511530e+01
2.615549200309106226e+01
2.490419990121228722e+01
2.553858790839679926e+01
2.797661902546414936e+01
2.457917521109034809e+01
2.408871687043566823e+01
2.581128313972342880e+01
2.581651398520756402e+01
2.477263070946891688e+01
2.632349569921168353e+01
3.368530169411040731e+01
2.263853428518618216e+01
2.559295782703800270e+01
2.063634918977254884e+01
2.531906876773196302e+01
2.683623616496303299e+01
2.658074319641095684e+01
2.856845489096866686e+01
2.855506989249225214e+01
2.533760676190849992e+01
3.023095864337612682e+01
2.932443044562286616e+01
2.863962252006140119e+01
2.232922310604852001e+01
2.567563247497659518e+01
2.651206736085216065e+01
2.480444723025680887e+01
2.816250135837164947e+01
2.516145861051604982e+01
2.328876269007055555e+01
3.066169202756797674e+01
2.230104570179852885e+01
2.605955627004884434e+01
3.190248989737670726e+01
2.727507596889995511e+01
2.540770778978199473e+01
2.493001859197886816e+01
2.544931263315049819e+01
2.449056711093611938e+01
3.103162497168893097e+01
2.755160517561394684e+01
2.177420525620613034e+01
3.097326812404686436e+01
2.566697809808170305e+01
2.555138864582038138e+01
2.709172076837590737e+01
2.651522279814027883e+01
2.534604361103923509e+01
2.980212833180675247e+01
3.076436450317750371e+01
2.785106271216474383e+01
2.400523821326614282e+01
2.336301027276516251e+01
2.660011543177837012e+01
2.721219250819064683e+01
2.635069305923130401e+01
2.578714897363515490e+01
2.911762911922831520e+01
2.554218509667799708e+01
2.591009082818423792e+01
3.048499084061528563e+01
2.389886226040774631e+01
2.343615407643182991e+01
2.107842283275707729e+01
2.501637129693137140e+01
3.302820201222980501e+01
2.511792820085113220e+01
2.786265159662307056e+01
2.992604393071272995e+01
3.076836584553616660e+01
2.689255650779026752e+01
2.888003617815410706e+01
2.022206179701088047e+01
2.399672020569112973e+01
2.913875211443499680e+01
2.263082085664175125e+01
2.700928613058203709e+01
2.134809430452263257e+01
2.172164009665518947e+01
2.529031001446356441e+01
2.445409460836090076e+01
2.471428426125270761e+01
2.888621355091844478e+01
2.507779659978007558e+01
2.324522119513614982e+01
2.488333968806788832e+01
2.161463781278807161e+01
3.171069716547800255e+01
2.691015242206632863e+01
2.476335931209807129e+01
2.741110408191787684e+01
2.739106120433151048e+01
2.321464525290814507e+01
2.850405930183771375e+01
2.715545974707092114e+01
2.159704417352802253e+01
2.624497928517975964e+01
2.272640956227350628e+01
2.464490926378452329e+01
2.778603169426112274e+01
2.672530501885677268e+01
2.552562654618198934e+01
2.395280158050384856e+01
2.357874581259403968e+01
2.429121081086524114e+01
2.778101018178957204e+01
2.886188000008165133e+01
2.068985739228416065e+01
2.556502291487442946e+01
2.642937703120663784e+01
3.028273637208571500e+01
2.660913979886850811e+01
2.895728893417562233e+01
2.881272317143690032e+01
2.776122288453521136e+01
1.815168740560476834e+01
3.168856967361551469e+01
2.866263100635566374e+01
2.436511423395990406e+01
3.173656454173283592e+01
2.360566529627257637e+01
2.142510482269097949e+01
2.743452447416190410e+01
2.428077056717926752e+01
3.352645487699133042e+01
2.884178138771207145e+01
2.380270133747298189e+01
2.652939970953811866e+01
2.457100237275717802e+01
2.486493585419612273e+01
2.238478778617474063e+01
2.823227383705167526e+01
2.650646483110431006e+01
2.338736353399356460e+01
2.778201891793501233e+01
2.819724747227593653e+01
2.499305914871910872e+01
2.600870491883265601e+01
2.431875754766584663e+01
2.590103695093412739e+01
2.933272124440525630e+01
3.214176179332613259e+01
2.630792709300676435e+01
2.438200404846460145e+01
2.371379862260797822e+01
2.789361803116765515e+01
2.436421109168691856e+01
2.857417189877188335e+01
2.240589400990029745e+01
2.457904835891819673e+01
2.714063637978548371e+01
2.113678847509543246e+01
2.689180070362790786e+01
3.260461409473671779e+01
2.727200774659167593e+01
2.465639025364451697e+01
2.870173615452797833e+01
2.941548188840940981e+01
3.135082912580101322e+01
2.237367954419705285e+01
2.527175815827004257e+01
2.312691629644970703e+01
2.295330127821827304e+01
2.184203817774296397e+01
2.835686562976302483e+01
2.596502741609041465e+01
2.725582569508943820e+01
2.266843833234594641e+01
2.263253082358368218e+01
2.286470994547754287e+01
2.563154298160766587e+01
2.711792188238304036e+01
2.655567064874088956e+01
3.014566084289183223e+01
2.305158883536025982e+01
2.194544276782975700e+01
2.816371320459456840e+01
2.372027021778060885e+01
2.875502400442536910e+01
2.606685719766505827e+01
2.298995386736044821e+01
3.037050336042308984e+01
3.023294402404371795e+01
2.898655639775693516e+01
2.604338230313160807e+01
2.597850930560289484e+01
2.812765914481610707e+01
2.284129045801967450e+01
2.210420716240841443e+01
2.739192704897309838e+01
2.606227406441444927e+01
2.256926491254820633e+01
2.360567938586241610e+01
2.830557492914767082e+01
2.341654359973942690e+01
2.592937853643300627e+01
2.594941395086272706e+01
2.861051188130010559e+01
2.160716203807666602e+01
2.636516040652346859e+01
2.561284694117181004e+01
2.070157574482171015e+01
2.747426398321803021e+01
2.925979161269322759e+01
2.933107587988991583e+01
2.898106620134834088e+01
2.317719068530545101e+01
2.643995473818778663e+01
2.817388105405984433e+01
2.483920359173700021e+01
3.193658157390482444e+01
2.408522429108006335e+01
2.651985008366316166e+01
2.934372051673533477e+01
2.315940500283106473e+01
3.067574338709287218e+01
2.770512820432555756e+01
2.423572805898482940e+01
2.958896271272221767e+01
2.535573692322074990e+01
2.765398143314474311e+01
2.839828302317822661e+01
2.784574045574905199e+01
2.396070538472395484e+01
3.009477289171135439e+01
2.369056453818711816e+01
2.527971733643629904e+01
3.001849421397182383e+01
2.502009618437793037e+01
2.851693911143362570e+01
2.941875862044888734e+01
2.428582405839528491e+01
2.379278275061566106e+01
2.239197884277839634e+01
2.909221012599563849e+01
2.973248163711212300e+01
2.325812840518165814e+01
3.092004051090446382e+01
2.577013734919037447e+01
2.165939381242648309e+01
3.167608065468320078e+01
2.447796068370302436e+01
2.280236967156517736e+01
2.687176420217392803e+01
2.596612510178075084e+01
2.539748976073324016e+01
2.953139402166004857e+01
2.563146334947727922e+01
2.342931831247787144e+01
2.887911593919539044e+01
2.648498076476235497e+01
2.866249154904507179e+01
2.809386206924682483e+01
2.266242586851272378e+01
2.634480818794674306e+01
2.670538010891102587e+01
2.543914889067443852e+01
2.270917481306830155e+01
3.013603284067878363e+01
2.546650427324471622e+01
2.820820554182752460e+01
2.383658981975114699e+01
2.456093571621076777e+01
2.066510984701829656e+01
2.491938373551477781e+01
2.488416498998396520e+01
2.157935510477132013e+01
2.288510510451440183e+01
2.679722556076562512e+01
2.499112539234176467e+01
2.362237958801279802e+01
2.323935123845999584e+01
3.081297618408435923e+01
2.825448483974271596e+01
2.886532701490178709e+01
2.528217135397697390e+01
2.428678455072482123e+01
2.466866975607565848e+01
2.373873911625301858e+01
2.587763409284249150e+01
2.978367436917409705e+01
2.473775669325492288e+01
2.810972167582892922e+01
2.137874814902928122e+01
2.882723506442622252e+01
3.089632099314560065e+01
2.882282960913381231e+01
2.798845682247305433e+01
2.773315858990148541e+01
2.750344446523737929e+01
2.961111351917207557e+01
2.933707350502878697e+01
2.570345523415441491e+01
2.745362806429703895e+01
2.386149038064564465e+01
2.280853099520136951e+01
2.553710923212968709e+01
2.743376503277769629e+01
2.723984720482198085e+01
2.994744634118067950e+01
2.906975536757815703e+01
2.780766285920589809e+01
2.865823877855618917e+01
2.545243685058060379e+01
2.610342417684180205e+01
2.337175274390388680e+01
2.269581110432007165e+01
3.240320167462562750e+01
2.723070563159150836e+01
2.723759422532724273e+01
2.547003865878039619e+01
2.489129779392942154e+01
2.571940768829925261e+01
2.401579243602853353e+01
2.383362730957482967e+01
2.999139484498180508e+01
2.178053660874202535e+01
2.411797325393270697e+01
2.314277158302432724e+01
2.364031541482005849e+01
2.538528175413694754e+01
2.186878339934029114e+01
2.501656694086114641e+01
2.359143578238951022e+01
2.799587590051792318e+01
2.290984320949813124e+01
2.436005592481292581e+01
2.659516837936537925e+01
2.500806905434684069e+01
2.525066507818095829e+01
2.845423850222271867e+01
3.050640669481191125e+01
2.540949893945731475e+01
3.181552263175355222e+01
2.337150855953121109e+01
3.036819136425017618e+01
2.479456692559109854e+01
2.483006414786663640e+01
2.904674765224126531e+01
2.499476850004660733e+01
2.947907104408429291e+01
2.592296317001340000e+01
2.410763589955745445e+01
2.416795184748070113e+01
3.002144533934069415e+01
2.739830931769109768e+01
2.920448200716247911e+01
2.724862758624794168e+01
2.105244743126901241e+01
2.732814232205895877e+01
2.583623064770445765e+01
3.240257823953695038e+01
2.549498189175363905e+01
2.906946190374324601e+01
3.360034582394062852e+01
2.243565533736779827e+01
2.247474437307801054e+01
2.420238770179452104e+01
2.664426524893263704e+01
2.956860940355243272e+01
2.886063146187361639e+01
2.790048742337124921e+01
2.475707334034422047e+01
2.644269027625593083e+01
2.943622583757834477e+01
2.176953521784369272e+01
3.126872348073260710e+01
2.977718935076062579e+01
2.929253473898112503e+01
3.048026182984327548e+01
2.670368499706737353e+01
3.027086547531176208e+01
2.910613377533486457e+01
2.383317518191887174e+01
2.761753766148807898e+01
2.902722459973767499e+01
2.556338511850239925e+01
2.674151280577714473e+01
2.476500426060447069e+01
2.668112756052330425e+01
3.139774629180459087e+01
2.651072100390183905e+01
2.378239159216557042e+01
2.999995929792187610e+01
2.847228515897662504e+01
2.025038467375726015e+01
2.769923227499835150e+01
2.505801929159908426e+01
2.755876762962835613e+01
2.794197599305507396e+01
3.027994850245807257e+01
2.811913444005386253e+01
2.884267952123592949e+01
2.375507995141706274e+01
2.623793666241592248e+01
2.226974570192609804e+01
2.341166540240282501e+01
2.249551688420736184e+01
2.754271035450345195e+01
3.175253275220860161e+01
2.724166550791561647e+01
2.952799556383664026e+01
2.707383539671972272e+01
2.685708860498886352e+01
2.908793292477946579e+01
2.663393563288894228e+01
2.236812573895229406e+01
2.294083402557465945e+01
2.892408463937893970e+01
2.301688417439683931e+01
3.189774890256310869e+01
2.803294426872672673e+01
2.925950991073822394e+01
2.687762112408075765e+01
2.617815230909991442e+01
2.933793893258538432e+01
2.680831473851008795e+01
2.847241858377896051e+01
2.952310946043867901e+01
2.721918147341827421e+01
2.491437044062504924e+01
2.737611801986885141e+01
2.832239007577183898e+01
2.307355843587935595e+01
2.773993504303983215e+01
2.900135338342517954e+01
2.261417244380078628e+01
2.483765704494601678e+01
2.585293476926977263e+01
3.044199593048282537e+01
2.763689860651712493e+01
2.606181915063607946e+01
2.838789927540578262e+01
2.896180138254431213e+01
3.297248309118411669e+01
2.691064495477291629e+01
2.712675479772834564e+01
2.522398207716241458e+01
2.466872523821587748e+01
2.868962602346777402e+01
2.995997668109772150e+01
2.586454292558297041e+01
2.517206283943806611e+01
2.357541876533731795e+01
2.407066049780294748e+01
2.427586972939297283e+01
2.917933123428071696e+01
2.414118460917269360e+01
2.829952998119167518e+01
2.196176969862768757e+01
3.031822699577497460e+01
2.892159638154919321e+01
2.747121898725312761e+01
2.613646096053454926e+01
2.351314797431638581e+01
2.958731152074441439e+01
2.485492273150748233e+01
2.322834303558194691e+01
2.434287906041749849e+01
2.262603058611518492e+01
2.751323015863996346e+01
2.705096370199090927e+01
2.626542846660196773e+01
2.266749859553560853e+01
2.654799962959135584e+01
2.598012990811958645e+01
2.701929397355305440e+01
2.522566808520260651e+01
3.116438051868801651e+01
2.751430838073270380e+01
2.590950683063826077e+01
2.677106602708234107e+01
2.283809960634542691e+01
2.919757364508330255e+01
2.769270156690604523e+01
2.257882973000025117e+01
2.421617806190470645e+01
2.405929232433050657e+01
2.845576879635567735e+01
2.826004173209249970e+01
2.365124431398765381e+01
2.496258317838676888e+01
2.923591241903197968e+01
2.825549168121197496e+01
2.519560954047924284e+01
2.569982761275818461e+01
2.442310317767208261e+01
2.318072374002296598e+01
3.141101518763945677e+01
2.405709355622749257e+01
2.477969399395531624e+01
2.282419182093315868e+01
2.567205670457660105e+01
2.708112665874156377e+01
2.992623200517702742e+01
2.967729072379398758e+01
2.875542806376839877e+01
2.646718626470308777e+01
2.480293540122542950e+01
2.764753478339036974e+01
2.407448601734495242e+01
3.079125054905808412e+01
3.057753540101455414e+01
2.394991596050694227e+01
2.778635541046504187e+01
2.966841227991752561e+01
2.905062830294453846e+01
2.834728433666259662e+01
3.147640752859069835e+01
2.403452009745391749e+01
2.774063349553400926e+01
2.377787736921211348e+01
2.468634098423580170e+01
2.943606666449062459e+01
2.721142420631213099e+01
2.930515699700836407e+01
2.723255578777380848e+01
2.782314125168720764e+01
2.137432542363160337e+01
2.966311014131012769e+01
2.498581057735676580e+01
2.382224275744713893e+01
3.146343336993348316e+01
2.498951535308340510e+01
2.824017861506096949e+01
2.561614174816040546e+01
3.046733664196382563e+01
2.562853396190068977e+01
2.773745366987091643e+01
2.405771654061513232e+01
2.795639476477061081e+01
2.697607289970327571e+01
2.352627700107209918e+01
3.037588508799288434e+01
3.310906717022861301e+01
2.692205569198226911e+01
2.433546603109456186e+01
2.441318816354860743e+01
2.580222832908694741e+01
3.062695934521623897e+01
2.974102200112022132e+01
2.683081894909051002e+01
2.789171875766817266e+01
2.625500030244809579e+01
2.806744571587038450e+01
2.495713637984342625e+01
2.724444271048333022e+01
2.893020432925486674e+01
2.347782087642551119e+01
2.834061214700034981e+01
2.822247056031655887e+01
2.277322037396424648e+01
2.787004074161429301e+01
2.398115545130613668e+01
2.838827393752206518e+01
2.413991169436233619e+01
2.550099465661092424e+01
2.605486221970993199e+01
3.180653872684707295e+01
2.353424745527229689e+01
2.941682443457872509e+01
3.051867382287789709e+01
2.825204615447159640e+01
2.795724755178934373e+01
2.650370383413908826e+01
2.610210019654482849e+01
2.944896523777320141e+01
3.047319765791275614e+01
2.971264650665648333e+01
2.793078061858832939e+01
2.277003713389076367e+01
3.125546816181144294e+01
2.765665063186002470e+01
2.188742022475392801e+01
3.182843407100479283e+01
3.085106510772253330e+01
3.100836844769841250e+01
2.727125526627006380e+01
2.946714661892080045e+01
2.493433223291027900e+01
2.564392302668488099e+01
2.609012092888304934e+01
2.684335600714761583e+01
2.864239128534623191e+01
2.296696885124579524e+01
2.820623722114235576e+01
2.939646149672996600e+01
2.223746394172340501e+01
2.513777174503035639e+01
2.617972790011774009e+01
3.356859515414924289e+01
2.394300156189136430e+01
3.134330863051813765e+01
2.669439170281428275e+01
2.669450025461686593e+01
2.213170501727640271e+01
2.417644781910354013e+01
2.310409767117290514e+01
2.447638488538531476e+01
2.101229517429149496e+01
2.374634993787152482e+01
2.295590068561787334e+01
2.947597867140885697e+01
2.594625974401753865e+01
2.785659369641310690e+01
2.550556750420158991e+01
2.845876841108823641e+01
2.521540628653358240e+01
2.713256959750798458e+01
3.056389170717472581e+01
2.483017034230191200e+01
2.988381776620901320e+01
2.573357844454604404e+01
2.634299854228954274e+01
3.029699039129384985e+01
2.256489412451352905e+01
2.947422062952940180e+01
2.325216250524909967e+01
2.831619340735933221e+01
2.854754714913071112e+01
2.411498412931887003e+01
2.719593517671741978e+01
3.119596367420169614e+01
2.631714071092363838e+01
2.686684038719047862e+01
2.400282055993425701e+01
2.361190390932814864e+01
2.452315496694475883e+01
2.264639847152001195e+01
2.802782472301833039e+01
2.329123566238675025e+01
3.015240194374906935e+01
3.048170743581063746e+01
2.820070629739083756e+01
2.723288980703505402e+01
2.855193127159322586e+01
2.668730425482387147e+01
2.879401319720528107e+01
2.878590673904179553e+01
2.322682105634894967e+01
2.447297282089873249e+01
2.890385586491775527e+01
2.606788512217967835e+01
2.423610691786230831e+01
3.103183553530532279e+01
2.341831192222464253e+01
2.347722772936765168e+01
2.648733696698933215e+01
2.849670552009320090e+01
2.845373077957810182e+01
2.532208680048389837e+01
3.088623803701852211e+01
2.883541519391791397e+01
2.834114199110204879e+01
2.533041410347833278e+01
2.648460912201347384e+01
2.952572154414369976e+01
2.474858584932722749e+01
2.043968596569531115e+01
2.789168194419623958e+01
2.901516060214277104e+01
2.816840066190769321e+01
2.526081210192473492e+01
2.501405138097322478e+01
2.357945951248028393e+01
2.873266243767472616e+01
2.486099355122517807e+01
2.407897361019981375e+01
2.893504204690183812e+01
3.339722304365806593e+01
2.808010893685292686e+01
2.930467161306139445e+01
2.952007032491250627e+01
2.679265211779375377e+01
2.654149313671813459e+01
2.413972203903487213e+01
2.897847967909837763e+01
2.819246783534350342e+01
2.638543355746705288e+01
3.019709117310899771e+01
3.038185123552177203e+01
2.873174994536449844e+01
2.930976224434972721e+01
2.168765024974688771e+01
2.939371139798309329e+01
2.457803011966653983e+01
2.804379967510335092e+01
2.950837620711498843e+01
2.589862037282311391e+01
2.878612015390773138e+01
2.256297951364708609e+01
2.726353173556342568e+01
2.210897017764264305e+01
3.028940052686586171e+01
2.813169243322525048e+01
3.171037937046284227e+01
2.776173910480973817e+01
2.278600733021592717e+01
2.426871102448050266e+01
2.800292002659286084e+01
2.459091779907828368e+01
2.787395486899011843e+01
2.655734018761227944e+01
2.396116394386250548e+01
2.915496814348851373e+01
2.272297943197351699e+01
2.498348019927359331e+01
3.028518911814977699e+01
2.850984383663212540e+01
2.261281549441265426e+01
2.627449345846740769e+01
2.341116612635930494e+01
2.809333893654586944e+01
2.472658169176170873e+01
2.446729135701520264e+01
3.243476907323647396e+01
3.020444707887617497e+01
2.952074020976544233e+01
2.637813078012680990e+01
2.283261552094660374e+01
2.779097048783735957e+01
2.571105388497850086e+01
3.047712645573401957e+01
2.379956666401716703e+01
2.392298417527726784e+01
2.783731933875688469e+01
2.856663639251396347e+01
3.041681021939942298e+01
2.823526207287385859e+01
2.430931231361105915e+01
2.695213594193064921e+01
2.853405208398010373e+01
3.078163672480460633e+01
2.560316830932361754e+01
2.630920506453676921e+01
2.392303896171941702e+01
2.705892724256369419e+01
2.567946936678780645e+01
2.954150325999213678e+01
2.937022650509673838e+01
2.758540422361026145e+01
2.843408740886069452e+01
2.155011431922584819e+01
2.538413149004682268e+01
3.010995911490782717e+01
2.669880134695478446e+01
2.395172278300527680e+01
2.265672867288729009e+01
2.494318182981118426e+01
2.780969230484211252e+01
2.485909818226992485e+01
2.210102369903208341e+01
2.286722687268185084e+01
