3.066319138810617417e+01
2.852639870551064050e+01
2.975137261571261504e+01
3.310579461246593524e+01
2.840250988791387243e+01
2.824336658325732330e+01
3.048509011688864589e+01
2.808098978234604459e+01
2.530792251768250267e+01
2.669666393086069434e+01
2.665180361898910633e+01
2.930197241205830849e+01
2.958350282137244847e+01
2.652015747949210223e+01
2.949430695775919986e+01
2.496940755329045913e+01
2.951698268302807548e+01
3.214706617809532929e+01
2.781540293863482916e+01
2.714022171562464081e+01
2.487360308421520116e+01
2.654801659762915378e+01
3.171778722239670856e+01
2.830447433967205839e+01
2.567661762972828399e+01
2.628633182087044062e+01
2.753031910008297700e+01
3.022719901881763604e+01
3.331657545773247620e+01
2.730667541588477576e+01
2.712022493700077419e+01
2.893697210696721456e+01
2.713755773451822861e+01
2.658734528507472206e+01
2.765305202761906145e+01
2.761661199658033894e+01
3.128369370321707166e+01
3.187696108104216108e+01
2.869768987179678632e+01
2.853155196256365045e+01
2.294780005831540493e+01
2.806650222955098783e+01
2.688787399794658128e+01
2.669665103664265615e+01
2.941506197304936876e+01
2.545269015940585433e+01
2.656149335122228550e+01
2.755503029356682632e+01
3.044085334556686107e+01
2.616031440945281972e+01
2.656836670249080257e+01
2.698727317303749729e+01
2.870570195458255114e+01
2.286464222350166509e+01
2.779224116273521261e+01
2.921724593487634891e+01
2.775985155569011553e+01
2.893089224931188497e+01
2.781400951535146149e+01
2.944195334182549217e+01
2.949447916094750255e+01
2.860811721706541633e+01
2.737040989815903558e+01
2.775031768570529067e+01
2.964890655857578849e+01
2.738127563944757270e+01
2.694589425127414728e+01
2.796996539120847558e+01
3.045107996917259285e+01
2.806010536777134945e+01
2.772938634183914175e+01
2.772014973803245041e+01
2.476729761209791292e+01
2.493115122542905482e+01
2.628855411387345953e+01
2.360919809862717500e+01
2.551158493522988735e+01
3.116105418981952724e+01
2.637968494996535185e+01
2.768371181976339201e+01
2.984724296564513679e+01
3.100192411412260896e+01
2.617664351760222630e+01
2.939128399835016836e+01
2.854409886168179966e+01
2.595724678825417442e+01
2.883556264986283679e+01
2.767846526939853646e+01
2.483902362423367549e+01
2.694856398214938764e+01
2.806121900362406052e+01
2.498586665163224296e+01
2.554928355370079274e+01
2.720611288321298460e+01
2.451188988806730507e+01
3.038289567629319521e+01
2.548703927522627666e+01
2.749934256029574442e+01
2.824383313073408885e+01
2.773129888790111153e+01
2.721828035953816283e+01
3.059784975447864142e+01
2.541333457712932997e+01
2.990985010496165941e+01
2.733750514589012681e+01
2.246633451767156231e+01
2.087866718065533078e+01
2.729935020797392653e+01
3.021840625973026206e+01
2.942617021277627742e+01
2.605935776714449048e+01
2.514538969167432825e+01
2.714540685125502506e+01
2.411017523203750557e+01
2.708602236587294954e+01
3.010677578039412694e+01
3.105800438336475366e+01
2.937181179389191144e+01
2.598750120431469668e+01
2.922962775822432491e+01
2.954647545727800306e+01
2.815107520134514729e+01
2.397442590999740020e+01
2.750739768219537851e+01
2.496421005426456929e+01
3.109140260066382311e+01
2.675211197992177858e+01
2.460781791204028934e+01
2.959931068191008663e+01
2.506253369941849130e+01
2.855888923109561617e+01
2.673052511341064985e+01
2.549794743457818313e+01
2.864032643664404887e+01
2.886482897186218466e+01
2.729152856093673307e+01
2.551474610089773520e+01
2.560515364449827658e+01
2.533501962682387898e+01
3.017059869490632096e+01
2.901765875117475346e+01
2.635987266813269159e+01
2.610175028395414287e+01
2.744304974340009906e+01
2.966010417857622627e+01
2.932570844202743388e+01
2.543905900122397412e+01
2.780509880028015246e+01
2.972023871134474859e+01
2.545172846926104526e+01
3.055250445025281181e+01
2.777633342296248742e+01
2.573535924835887911e+01
2.722505480583858173e+01
2.580933880202226760e+01
2.587147795160917951e+01
3.013300456006117400e+01
2.961247821997641338e+01
2.873941029451417251e+01
2.692935761446893039e+01
2.981869269147086143e+01
2.907903603979661966e+01
2.720378309608095080e+01
2.153606037277065965e+01
2.336219390704557597e+01
2.649140564546566168e+01
2.300528995277973721e+01
2.578470624255958654e+01
3.086582974368000620e+01
2.479802687406749939e+01
2.480408586457043540e+01
2.701035133320884896e+01
2.605232351806522217e+01
2.366342913324625741e+01
2.722523821927086018e+01
2.472047937379739579e+01
2.485314197006358583e+01
3.062222473814350465e+01
2.818756800576889532e+01
2.569694164177684925e+01
2.576640335869694809e+01
2.955275600876121800e+01
2.546587962085745005e+01
2.465364895277869905e+01
2.427889189090409516e+01
2.515856840812715944e+01
2.549952221166094901e+01
2.539061064907990684e+01
2.678348767726259538e+01
2.783989288023212083e+01
2.683826579033608084e+01
2.894527564309315437e+01
2.459403290937649800e+01
2.886864037291242724e+01
2.892866241186026244e+01
2.804739776238228188e+01
2.750779872418630490e+01
3.000671906877236594e+01
2.758364061667561273e+01
2.778292645575681163e+01
3.107708254354540500e+01
2.881738075341472793e+01
2.610321514033282497e+01
2.477626609730884866e+01
3.024432133834930525e+01
2.512747301763792152e+01
2.763696473783153706e+01
2.869152341191622568e+01
2.740896085863885645e+01
2.393745640521598617e+01
2.731865787281710567e+01
3.313688781398722227e+01
2.861355449102286386e+01
2.487228193590192049e+01
2.422698895357994786e+01
2.800522813892447260e+01
2.733323418659566428e+01
3.022337215148088774e+01
2.462954595653546264e+01
2.992955944708639748e+01
2.397381355709109840e+01
2.626756407273600402e+01
2.735384166560365671e+01
2.716303448119676389e+01
2.448171211402659608e+01
2.347148883983132350e+01
2.468385087229618691e+01
2.708988810901567845e+01
2.574944980292663033e+01
2.941858468942882254e+01
2.768240994705166713e+01
2.731028057807225906e+01
2.854318445462246601e+01
2.590453450211277442e+01
2.709317974794544170e+01
2.624956388790980455e+01
2.439522012830250119e+01
2.581633087452219399e+01
2.988541362938439860e+01
2.949451163895686179e+01
2.973460257133170970e+01
2.669851401310155126e+01
2.909357961248422342e+01
2.828670147630685960e+01
2.854150350647225665e+01
2.659330712743395253e+01
2.359085711609249714e+01
2.718754026692127468e+01
2.727115886512606835e+01
2.506829279713641156e+01
2.893086121689037427e+01
2.774865790236502150e+01
2.647143516618134740e+01
2.564741206149580677e+01
2.848567212101130863e+01
2.792660277159326299e+01
2.741562396506028421e+01
3.231619731642521742e+01
2.535686580425364411e+01
2.472054937291395049e+01
2.388325738704622481e+01
2.565067350920749334e+01
2.815407461776967679e+01
2.637424201588586925e+01
2.856668328226250964e+01
2.770692022678389321e+01
2.575807494433002276e+01
2.950552861144433336e+01
2.943919838028989844e+01
2.919201142747461830e+01
2.274210586838671588e+01
2.570421846586978631e+01
2.659804511371482860e+01
2.679807212471312283e+01
2.796522546630158246e+01
2.729220948259468216e+01
2.513507357472992965e+01
3.012934644296972309e+01
2.408147461071506257e+01
2.704986005419464945e+01
3.125047703366112373e+01
2.937559235218077802e+01
2.751410162035260498e+01
2.853870261432168931e+01
2.350138464992819820e+01
2.618776910526614898e+01
3.011914432679586895e+01
2.759578323772199226e+01
2.285131418173971696e+01
3.152402539065533915e+01
2.639868836863734103e+01
2.676245978688328009e+01
2.758091457354910503e+01
2.897032158571882832e+01
2.549966091384469991e+01
3.036034824232535101e+01
3.061014237599640353e+01
3.009621984429202968e+01
2.551200703636952483e+01
2.434093995119004106e+01
2.641199866449748868e+01
2.475563482565130258e+01
2.713750071285376109e+01
2.603141906296786701e+01
2.864513261714491321e+01
2.552191782186497093e+01
2.720924810928286064e+01
3.143266552723772378e+01
2.471428961873283825e+01
2.368556310703289114e+01
2.304457162462034603e+01
2.791367207941188866e+01
2.986183102702151260e+01
2.767240309329612202e+01
2.803861186952541829e+01
2.927724025807139085e+01
3.205786366569607537e+01
2.893051142225956340e+01
2.866715679584810061e+01
2.340128328633536015e+01
2.873346174775516815e+01
2.894221321121625579e+01
2.575619188992002861e+01
2.805437777227644602e+01
2.359962829014977004e+01
2.420923270345589984e+01
2.862898350649263080e+01
2.813085360692210557e+01
2.736367227119303536e+01
2.818577340657106944e+01
2.576213662041111618e+01
2.390447217507082200e+01
2.664093249575405054e+01
2.130772724052616596e+01
3.173840534336755681e+01
2.819565450781343685e+01
2.609535909877133619e+01
2.831321845772018619e+01
2.833457061891940754e+01
2.429147937728640017e+01
2.938552768820149197e+01
2.975764481948926843e+01
2.121567629131525834e+01
2.880698963971265059e+01
2.539807530907170019e+01
2.720327850773816536e+01
2.806896542007115869e+01
2.564854337924276351e+01
2.274113486386810834e+01
2.433875786925632667e+01
2.315662731567088528e+01
2.638952562053346185e+01
2.998096268033479106e+01
3.019280826321747924e+01
2.187971778858338112e+01
2.601331547517837706e+01
2.721117941425754694e+01
2.738236307719981610e+01
2.553530467746263355e+01
3.049110549692406025e+01
2.782900549624745423e+01
2.737608720203452251e+01
2.027004903102926292e+01
3.081502231647817069e+01
2.803815965357471285e+01
2.584160270241097734e+01
3.034906159673640147e+01
2.696958334242964739e+01
2.503961226845651566e+01
2.995212496092570120e+01
2.567887583933322659e+01
3.324415555378099896e+01
2.992167515199757233e+01
2.596815717723232098e+01
2.678081327771700870e+01
2.560515394011877532e+01
2.789901780388933616e+01
2.471429984036246452e+01
2.808720502775090822e+01
2.981701711645697372e+01
2.538844403729266830e+01
2.710494559961150429e+01
2.923821934513668808e+01
2.565215438029857964e+01
2.929802072383611034e+01
2.383208256242398448e+01
2.685017937566884072e+01
2.875030686750598719e+01
2.982225526346241651e+01
2.709102633316293307e+01
2.591669795402699705e+01
2.470845252869275654e+01
3.027798543620043503e+01
2.839080477327039986e+01
3.050491600838482142e+01
2.520667306575740341e+01
2.567116332554967428e+01
2.846407148498350281e+01
2.238300622053485256e+01
2.765630955956304859e+01
3.149786698160670539e+01
2.764854627923217834e+01
2.545174929382720563e+01
2.769051992807117912e+01
2.720878896115459256e+01
2.883715452072258856e+01
2.672230410485135010e+01
2.811812232075002882e+01
2.531568658979172071e+01
2.596208604444613144e+01
2.388819413667014047e+01
2.922058227081770809e+01
2.613923957920114916e+01
2.676872648367661256e+01
2.548024590651101562e+01
2.647416055608358931e+01
2.428006434438470862e+01
2.570697454909642943e+01
2.735571157189098201e+01
2.833827619405294485e+01
2.920112526594368063e+01
2.395903506673772654e+01
2.471283158090266596e+01
2.747076106870462198e+01
2.604351000550983741e+01
2.843819480393171162e+01
2.621837375328553321e+01
2.542756627408630621e+01
3.038884214368893311e+01
3.091546951524072995e+01
2.886954945073957290e+01
2.870954151572143331e+01
2.597198947215756704e+01
2.994980554327056410e+01
2.368291314344573095e+01
2.571038569356671388e+01
2.750457323905177276e+01
2.646056299780989463e+01
2.397365268714638731e+01
2.509188122276690436e+01
2.918477335684580609e+01
2.369007402235459381e+01
2.562593364556015274e+01
2.551378579460509854e+01
2.997645976932480494e+01
2.467253306371783950e+01
2.943795722649193181e+01
2.729903868239401277e+01
2.307259631793653298e+01
2.970301472820305477e+01
3.178243336115945539e+01
3.021367188689528760e+01
3.003565142038341662e+01
2.589144219770309974e+01
2.518631788789528869e+01
2.793269326718891676e+01
2.661950536616496876e+01
3.004263257266362075e+01
2.414416490667380444e+01
2.636458036128750138e+01
2.823411239188467903e+01
2.516072662141322525e+01
2.947671739623688936e+01
2.990858592328709520e+01
2.663494844650901783e+01
3.077949705101852373e+01
2.460215819182709751e+01
2.972586994278638173e+01
2.902186405394746771e+01
2.813494719297565183e+01
2.705237241770947065e+01
3.128683585394464828e+01
2.547918907472350014e+01
2.553456550143837589e+01
3.038595363305165264e+01
2.580726315348578837e+01
2.794782607905464999e+01
3.001343450484624853e+01
2.614959373476107984e+01
2.544075527448869067e+01
2.483658945056473755e+01
2.960469545214649756e+01
3.023260366700788637e+01
2.594965022437277113e+01
2.928674954620235127e+01
2.706276726037851077e+01
2.285113036312068502e+01
2.873404823314595902e+01
2.820054141200829179e+01
2.539578033999593387e+01
2.945706531295518360e+01
2.672492290425067196e+01
2.539667574945191930e+01
3.015689603119163564e+01
2.538762482435855361e+01
2.566721543771302905e+01
2.949970563621804232e+01
2.601559152551669385e+01
2.898032818280600864e+01
2.690091899258720431e+01
2.573525095869225865e+01
2.621551446969089127e+01
2.758447839898147436e+01
2.761270990587996010e+01
2.796798231900433507e+01
3.093176938113314733e+01
2.835448233274684782e+01
2.978609749499151249e+01
2.626524970085452182e+01
2.320313574909468812e+01
2.191506371245288776e+01
2.861352245354124335e+01
2.618558853152970656e+01
2.265254114645691530e+01
2.255361305582209042e+01
2.727389370274535807e+01
2.465261217587040576e+01
2.532495281112948504e+01
2.455422203007896087e+01
2.977578969273305276e+01
3.034040598314244619e+01
2.856554084600539412e+01
2.814362440645241747e+01
2.507239275368749531e+01
2.561371098076914876e+01
2.739579305963953715e+01
2.662893597218751296e+01
2.951292433483485311e+01
2.664264846839786927e+01
2.899713885588253959e+01
2.466318075916828789e+01
2.803581097641321307e+01
2.960442498088961116e+01
2.749921212898699352e+01
2.786656200711092524e+01
2.683410435128020310e+01
2.840306253135699066e+01
2.914295669146898859e+01
2.917730652676203462e+01
2.757740551759814451e+01
2.778865840616384020e+01
2.534693468032565988e+01
2.496314130268981657e+01
2.711527616585657086e+01
2.828519520372190144e+01
2.670017700130792093e+01
2.836873649782362961e+01
2.818284589089021352e+01
2.860117874758995526e+01
2.794085072489114552e+01
2.638699855728765087e+01
2.787585680832190604e+01
2.687861593188992515e+01
2.485112140953373583e+01
3.190078817562889313e+01
2.771925831634281678e+01
2.900370877101598666e+01
2.546444708069434881e+01
2.604751321565100142e+01
2.727080463727065052e+01
2.581350850834553512e+01
2.535718558913620058e+01
3.081840984310944620e+01
2.316013994767397577e+01
2.485320876303187276e+01
2.405147943625566498e+01
2.385077774474063972e+01
2.664202261074922262e+01
2.534103630762616532e+01
2.564398930134739274e+01
2.605516504400816657e+01
2.803543126750520287e+01
2.561409688023508480e+01
2.675446843623028670e+01
2.706990928385303974e+01
2.654380223950679252e+01
2.742467868093383032e+01
2.779274724508443484e+01
2.887873544576903129e+01
2.645942543533342217e+01
3.213134234743549911e+01
2.699289608999530543e+01
3.126557179401591213e+01
2.703815971713368072e+01
2.642987376892568463e+01
3.003741011600439847e+01
2.578545666109905810e+01
2.713631740145975257e+01
2.540217957482698452e+01
2.664541044309709150e+01
2.629267704560028207e+01
2.870681582473043392e+01
2.780462450974329514e+01
2.854011830042159303e+01
2.996348292164762128e+01
2.417620674093291910e+01
2.901393902736526087e+01
2.701749101907513406e+01
3.063677005813050158e+01
2.706455115499359110e+01
2.979753051762402194e+01
3.166012134476537199e+01
2.414303056413045567e+01
2.409079209607134686e+01
2.328624850803910107e+01
2.787374591667145651e+01
2.901620959489259377e+01
2.605121219016371370e+01
2.785136393508108199e+01
2.634157447772417271e+01
2.851536560752629157e+01
3.128723952790645058e+01
2.435082119995845673e+01
3.189868478091314685e+01
2.827972624165904492e+01
3.117367706869665867e+01
2.866464349840595105e+01
2.725348284456864789e+01
2.951041284609475213e+01
2.733988571021518510e+01
2.583025030123715027e+01
2.987298361633907007e+01
2.771975127784521931e+01
2.589338156638878630e+01
2.674019003316339393e+01
2.809675148966284652e+01
2.679503659590817222e+01
3.214750160398921963e+01
2.844502494266130554e+01
2.507524046615695568e+01
3.008923358321641572e+01
2.801426761976824409e+01
2.230567808465513835e+01
2.773774358079970526e+01
2.793751143912775703e+01
2.842808774850416498e+01
2.955723373498530648e+01
3.208841480286046277e+01
2.952075051261760308e+01
2.914140718341904090e+01
2.493575665901022020e+01
2.787340329806031747e+01
2.471217730667860835e+01
2.435291003378750219e+01
2.651477169251770860e+01
2.709868263033991553e+01
3.122013538646696063e+01
2.669368059510372859e+01
3.012688709703083489e+01
2.881254445686042232e+01
2.958857347991549958e+01
3.010207106138780375e+01
2.845423196789226949e+01
2.405399118700909966e+01
2.514411784035774033e+01
2.914878180114367723e+01
2.554553715852518891e+01
2.976563847299177112e+01
2.839188851282088777e+01
2.947253815076582484e+01
2.733297316906240937e+01
2.770468963286081987e+01
2.765976330991741250e+01
2.818402403570005177e+01
2.687735677301720472e+01
2.837222777651540540e+01
2.884583898085357134e+01
2.825754419875483947e+01
2.803057565891555925e+01
2.744044630562590115e+01
2.436652049736443360e+01
2.830306690290579041e+01
2.637415443053971487e+01
2.399951021937812001e+01
2.803274559871665872e+01
2.771818679667848428e+01
3.198447309094250457e+01
2.708118744411978795e+01
2.725999273879135387e+01
2.849779879218219847e+01
2.852470062598390754e+01
3.042607577862094104e+01
2.897580227932429509e+01
2.827909638606760723e+01
2.614380029669455041e+01
2.524842009892730843e+01
2.818219024555058638e+01
3.001803272216213259e+01
2.686470988512128599e+01
2.441743050721605002e+01
2.627300945899803253e+01
2.641250838562546832e+01
2.367809489629795294e+01
2.873693419717674402e+01
2.599190565703181122e+01
2.828107653449418635e+01
2.164007804345580155e+01
2.987645405828773804e+01
2.978118647554055443e+01
2.883692626046257601e+01
2.723058827911137669e+01
2.542704591807909509e+01
2.886378528696920753e+01
2.496648153391726055e+01
2.395609575828286708e+01
2.479740964886674703e+01
2.272420206224733619e+01
2.846090199361758977e+01
2.575040608431578804e+01
2.898890571203580890e+01
2.517624494447884942e+01
2.779054553736586541e+01
2.758063019304542252e+01
2.724580603195179052e+01
2.651983410981560141e+01
3.158382378003186020e+01
2.835806188830903452e+01
2.805867593284748196e+01
2.997074601749612199e+01
2.451559579731922156e+01
2.943030881493939077e+01
2.847090808873483425e+01
2.474147880258410126e+01
2.210328732808956431e+01
2.452015549803991590e+01
2.865920557593535989e+01
2.933248036285624138e+01
2.607069107004674180e+01
2.758982780717719407e+01
3.013825842503401020e+01
2.884807977101584342e+01
2.731789517997060912e+01
2.633198779966017611e+01
2.439302971418932486e+01
2.358853865921575377e+01
3.071092605949615972e+01
2.354713882476095321e+01
2.639650718536567808e+01
2.354750321395970403e+01
2.567399899577083744e+01
2.894469238659523214e+01
3.082582196473068237e+01
2.826274183154349018e+01
2.654276805416191820e+01
2.666166290831814223e+01
2.726716621107151539e+01
3.126827680043849966e+01
2.736455988793505156e+01
3.069354915704862563e+01
2.853393496801560758e+01
2.777702298058948216e+01
2.643583563920358870e+01
2.948641573692903251e+01
2.949596738758850378e+01
2.738775443913550589e+01
3.293198981293051730e+01
2.461453359238153382e+01
2.707866028846741813e+01
2.579101091885546992e+01
2.580394000910827756e+01
2.911661433180032788e+01
3.020267235199774447e+01
2.793143277699038762e+01
2.694893176237128429e+01
2.826510344457947355e+01
2.638632227359390825e+01
2.810706581400513571e+01
2.614061284531756613e+01
2.785193372001198853e+01
3.217331699799762390e+01
2.563479625162806741e+01
2.842290006529856328e+01
2.648768863637129556e+01
2.956073711473078447e+01
2.719424959654623564e+01
2.969030889340680446e+01
2.480218766333823410e+01
2.788752389262336706e+01
3.026872181575282639e+01
2.558695642460761377e+01
2.975704561760871414e+01
3.149017966452500517e+01
2.777427731717638792e+01
2.421776070528798286e+01
2.386347842939390418e+01
2.640141603687470351e+01
3.077596748493125034e+01
3.124983403639438606e+01
2.573851102070143426e+01
2.884233847826292418e+01
2.786236141599785654e+01
2.950979084495737581e+01
2.581359993327068736e+01
2.836603151224790764e+01
2.942890803023287560e+01
2.449139055258852338e+01
2.807261352994926185e+01
2.766223015451615197e+01
2.464243260349616094e+01
2.784598833823908848e+01
2.363535677775448818e+01
2.896090630121569021e+01
2.494772506646999588e+01
2.865825146447311056e+01
2.598657115758062375e+01
2.879771780480931298e+01
2.495228825923109994e+01
2.679054133939678550e+01
3.178459150227618224e+01
2.844518499300776782e+01
2.881307635750536988e+01
2.526051616179176307e+01
2.602154229352599657e+01
3.126940160380319966e+01
2.924335362807249439e+01
2.912220733629057179e+01
2.918103761782464289e+01
2.382369894819403910e+01
2.953743571228327625e+01
2.797567056162448651e+01
2.408558925303211140e+01
3.021251067411159141e+01
2.952924415210705789e+01
3.042931597469558014e+01
2.692277429097915942e+01
2.903961231091361839e+01
2.567292543949148964e+01
2.652629750088557259e+01
2.845083619925007667e+01
2.604161526130624438e+01
3.003687656073391921e+01
2.432099340735187099e+01
2.919456464681070074e+01
2.811147770054509110e+01
2.346917795875731017e+01
2.480433900243197698e+01
2.675356537283366265e+01
3.214607238013400092e+01
2.523736324429170352e+01
2.974910161084751792e+01
2.640190519281916437e+01
2.963502628104805225e+01
2.440631326661572231e+01
2.652229453843160556e+01
2.500756549469292267e+01
2.659162553389572636e+01
2.300812636161258951e+01
2.252514968662595152e+01
2.592943595412787872e+01
2.904280842686805286e+01
2.661388356111658027e+01
2.962779294298296762e+01
2.672711423621077031e+01
2.896063958265446914e+01
2.507221318767190255e+01
2.777245868165445586e+01
2.801994646300065384e+01
2.717924753175793029e+01
2.899433643766040447e+01
2.428416992348910952e+01
2.764060102194308044e+01
2.867375860155941325e+01
2.419207375403860638e+01
2.883644111937582366e+01
2.430687622586465935e+01
2.913666765809087877e+01
3.168588707149214301e+01
2.468018460624479005e+01
2.790451421460362624e+01
3.147819890236964468e+01
2.764596577398949151e+01
2.642232441284540556e+01
2.749252474431594351e+01
2.423198673506273337e+01
2.617173402421771300e+01
2.336471696239130580e+01
2.914746055631147215e+01
2.538859474804619154e+01
2.990289029440610236e+01
2.909225343590505375e+01
2.955351494662380674e+01
2.874945641925780038e+01
3.058134862604199711e+01
2.791101169006840976e+01
2.912074931357654251e+01
3.082891235865886514e+01
2.449466933122369028e+01
2.661975467318220367e+01
2.977114914381175126e+01
2.822059337517214672e+01
2.727149739696591269e+01
3.172835683805944029e+01
2.597833854331419445e+01
2.575335881699648866e+01
2.646212620050814834e+01
2.801779705200511472e+01
2.814040455603747404e+01
2.692878605433135419e+01
3.051051350133009876e+01
3.076277754327331593e+01
2.835385332740993292e+01
2.598923590259153826e+01
2.553834598954637158e+01
3.162805867045569030e+01
2.640812405698166998e+01
2.192837098581706456e+01
2.665197892212169251e+01
2.906319446788308980e+01
2.776046952556611203e+01
2.736642386209066302e+01
2.650881101012514662e+01
2.599494028449336724e+01
2.716305916734333792e+01
2.687808317270358671e+01
2.637542418502646768e+01
2.875704578070256545e+01
3.238584444643939975e+01
2.803522621216431787e+01
2.775178147181638977e+01
2.900320000665557885e+01
2.635943534271158839e+01
2.583735107081093574e+01
2.626687342706714645e+01
2.713352692077260642e+01
2.823996279281749011e+01
2.538500941429591151e+01
2.681378066142811178e+01
2.928457384778025130e+01
2.688501245498128256e+01
3.186445740294659856e+01
2.260573187781761817e+01
3.128204331187707865e+01
2.611916719658973562e+01
2.697202088847800994e+01
2.980260913932046662e+01
2.704376532747228978e+01
2.910923128177500274e+01
2.460028249527715616e+01
2.955063732867776949e+01
2.436130828056685260e+01
2.853362416110074662e+01
2.759007285092953055e+01
3.133720128691479445e+01
2.714467556355599598e+01
2.341666275606766945e+01
2.614148036736663983e+01
2.963870548908948521e+01
2.552219869319084466e+01
2.805160773066614865e+01
2.635687702443926383e+01
2.617185697804142563e+01
2.931833724256541629e+01
2.538066978994801914e+01
2.599753510165168535e+01
2.958803158204592165e+01
2.877075756398100737e+01
2.372679824872139775e+01
2.869790801912255418e+01
2.415647513104318378e+01
2.859410101974693674e+01
2.512324907236766336e+01
2.669446812325352880e+01
3.015328392817434988e+01
2.911244109981761241e+01
2.728556193933516028e+01
2.627772774296027336e+01
2.526737964916162582e+01
3.041367316705518675e+01
2.750593840007638136e+01
3.034095524629740126e+01
2.721901095038240825e+01
2.525352190009390085e+01
2.599151331525459696e+01
3.021665088355522855e+01
2.896494632752091647e+01
2.951661617542435323e+01
2.526054266031762197e+01
2.749278524145319480e+01
2.573789836023151167e+01
3.137817699478913624e+01
2.631905328967266655e+01
2.895953791061588234e+01
2.552482693748176246e+01
2.740976400170428207e+01
2.830527441203875583e+01
2.917225055278752066e+01
2.903847658213696903e+01
2.842596473024331516e+01
3.005750936541065954e+01
2.601661107199747391e+01
2.501898872646341943e+01
3.111936960915224759e+01
2.760206895387193526e+01
2.544712285768518711e+01
2.311922292654502442e+01
2.632812640592980458e+01
2.695616935879272091e+01
2.412270173342070123e+01
2.386883165867511991e+01
2.562036383769773806e+01
