6.449769256639411807e+00
4.096219058607986341e+01
2.048006493026879582e+01
2.047684598809261658e+01
2.191204879091904445e+01
2.002386119577954915e+01
1.142557249934161234e+01
2.254049833678765680e+01
3.144598294292783791e+01
-2.010355014639584326e+00
1.933063257226036313e+01
8.529092791663714479e+00
2.582746438010874002e+01
2.706416680233750682e+01
8.712880713227428853e-01
4.656574395958686097e+01
9.753335528519828657e+00
1.155220028369416063e+01
2.806444858191915515e+01
1.851796119876859947e+01
2.432093979622091950e+01
3.425349171664516490e+01
3.948890567932018314e+01
3.186738204043449230e+01
2.808985423138088322e+01
2.085158382234074637e+01
3.807510082042752764e+00
3.948661742720463508e+01
1.893134648823400568e+01
1.632370231593643339e+01
2.521503585490390265e+01
2.145302520429769189e+01
-4.118878596799211422e-01
2.520992686857340459e+01
1.041159298594552851e+01
-1.582785597809212685e+00
1.103949596632240748e+01
1.508596500347912617e+01
2.436630447199000926e+01
2.060926346123422093e+01
4.011512599374394483e+01
4.061170536027076849e+01
5.045544976969927120e+01
1.263452208211040251e+01
1.128502360858706943e+01
4.410942095680538699e+01
2.051714428996775297e+01
1.587934456576386211e+01
5.873217538097414092e+00
1.430757523045810942e+01
2.652952821653748572e+01
3.901842654916013942e+01
4.364195773455577410e+01
3.621781110376402069e+01
4.312869151439160831e+00
1.196816262700875377e+00
1.162365101852076066e+01
1.137554795984157074e+01
1.206326635689508997e+01
6.553457547589482957e+00
2.200079342034708674e+01
6.250757867678949253e+00
1.838413505431833528e+01
1.750056673110315586e+01
3.324861666943794347e+01
2.156742919657010926e+00
3.449083091926097211e+01
4.119433043381068416e+00
1.372215894957487059e+01
2.301002769329085140e+01
1.020816354940032511e+01
3.253352129358722777e+01
2.285860622920263907e+01
8.204603159414270763e+00
2.675594461885539133e+01
3.605117089875442105e+01
4.124746525767457683e+01
1.262306512254891544e+01
3.551464873515649145e+01
1.437372082405236462e+01
1.165618710947916803e+01
1.929238658495809844e+01
-1.063289245646941605e+00
1.711774222412455515e+01
2.630777406511144889e+01
3.521131950343791317e+01
1.077182997864617420e+01
1.965625891167455208e+01
1.849366474406814831e+01
2.881899383033221440e+01
2.034156429313227932e+01
2.621273736675615851e+01
1.894598901801223434e+01
2.855034377598667916e+01
2.596769970187293453e+01
2.198465837342245166e+01
3.933938524941365245e+01
4.286392145907665707e+01
4.843207264892498642e+00
2.985378691977972565e+00
1.438199014766600747e+01
6.496758239915152444e+00
1.017094130090697668e+01
2.920468523511897629e+01
2.176266566909382405e+01
4.133324576650748128e+01
3.969126422536293575e+01
2.759965872159180478e+01
-3.617556318794934445e+00
6.392114419448415852e+00
3.980435934983612611e+01
5.011427861347718959e+01
1.854483058856339994e+01
4.410768178068448009e+01
2.933380396297809511e+01
7.965379794051034246e+00
2.585292525412676401e+00
2.728212218798970667e+01
4.814166974717217329e+01
1.868692412573797057e+01
8.276039063977815857e+00
9.255756708662181254e+00
2.402944384846401604e+01
1.530110493249039472e+01
1.426166214262184972e+01
3.216737823123185791e+01
2.986244034052292662e+01
3.351672390905901722e+01
1.866816019245782599e+01
2.372814606536432080e+01
-5.721608250907168625e+00
2.597169185656147761e+01
4.584002887639161372e+01
3.341973530375968693e+01
2.157505259937033415e+01
1.723804600430003120e+01
1.918586710809596596e+01
4.535078083018908757e+01
7.304807956176754935e+00
1.183848657915804203e+01
2.021230432693839774e+01
1.581892280031750531e+01
2.502178690366685032e+01
1.219213419058525005e+01
9.692138027744922724e+00
4.635341034270368255e+00
3.901509216446201833e+01
2.589644989066577452e+01
1.603494085804439351e+01
2.205284189689165686e+01
1.588235111099085550e+01
1.481895058462380987e+01
4.082801404453577732e+01
6.671684152823255332e+00
2.995420849046792711e+01
4.163126315757921958e+01
1.445304724942089614e+01
2.819877263490408836e+01
1.014154357262656170e+01
1.362594444967487561e+01
4.156832735406514701e+01
3.236182483509223573e+01
5.805589802215235018e+00
3.923799550093500699e+01
2.805805897278212413e+01
3.878385202540320620e+01
3.094270555422509972e+01
-8.209959472070046615e+00
-3.380926861110225001e+00
2.672938247495210717e+01
3.609121690963524998e+01
2.922451306123759096e+01
3.100189321145205312e+01
3.960665480531502425e+01
3.191058275200175132e+01
3.045933349009628444e+01
3.163547012933139158e+01
4.903442867493134294e+00
4.852883189704457578e+01
4.190446605635124655e+01
1.960997296675546053e+01
1.066861089080223834e+01
1.890667203616886027e+01
3.397042528722361254e+01
1.649717738706000247e+01
4.211333417039460869e+01
3.662447838256479571e+01
3.892676538899070238e+01
4.466268123724270112e+01
1.502124012083949012e+01
2.733031213970604867e+01
4.024766218828046505e+01
3.496305883029531714e+01
1.918516687710470237e+01
2.185079744460634998e+01
8.022170309717584047e+00
3.854285385909730355e+00
1.523501263208134482e+01
2.665671220228253091e+00
3.160281815061587452e+01
4.569518570641194488e-01
-4.533478999894163586e+00
1.236165359928342689e+01
3.061375214822479762e+01
2.230098745049879838e+01
4.177280617521631711e+01
5.948083771657048047e+00
1.475724373260956845e+01
3.824014007484804267e+01
3.087416392482213823e+01
2.356371791866381926e+01
1.052751153850784682e+01
1.742584406120190010e+01
2.869321298452986113e+01
2.049787555117447724e+01
1.367447116606071233e+01
3.624844821488009217e+01
2.797614276656791077e+01
4.387862889141106137e+01
2.797989377081224749e+00
2.585720018955974098e+01
2.571431467353725964e+01
2.040431325317997135e+01
1.087957532850042952e+01
2.587689642023199710e+01
3.003406530829827403e+01
3.279394880447103588e+01
1.791421442070921444e+01
9.818310535209651135e+00
2.016027877417268499e+01
1.948727201465273495e+01
3.169672382694393775e+01
1.642192030132417102e+01
3.529133679929204703e+01
2.169984558442100564e+01
1.864070872033654780e+01
3.715026873732939805e+01
4.152007779416443611e+01
1.383852949298948154e+01
1.463336285529692660e+01
2.291421671200648902e+01
5.335931361572551168e+01
-4.722969919007077522e+00
7.926982094613249430e+00
1.652559274259689914e+01
2.557443305381118392e+01
3.382282611771382363e+01
1.556849634362863632e+01
3.878751306686944389e+01
1.346888302248312996e+01
1.293958299711072080e+01
4.672165066342138573e+01
2.988625013852140100e+01
-3.943405884965775154e+00
3.564200134726368674e+01
3.956917722084804012e+01
3.701460558696435754e+01
-1.060946254926109056e+00
3.035220691926164349e+01
3.424090436007911364e+01
3.372617292007495138e+01
3.762576802625560646e+01
4.136448936332013915e+01
2.038568526739109643e+01
6.597494788345636074e+00
8.192626896647690060e+00
2.846384018703342988e+01
-2.215246061451227710e+00
1.434733530714861516e+01
9.855131813488970494e+00
2.926414210144889338e+01
1.730719633540577362e+01
2.572375926617750608e+01
2.465034728427302824e+01
1.705598606125210637e+01
2.536772131431088440e+01
2.959112642514111613e+01
-4.062650605898505685e-01
3.674903768844939123e+01
2.558412134670274085e+01
4.175621964112202988e+00
3.397903261778191109e+01
3.591290043849510027e+01
3.387763755445778457e+01
2.057318009022890948e+01
3.282194850025634736e+01
1.354544259214311097e+01
1.999237055223695947e+01
4.292752679783470171e+01
1.857242660521007593e+01
3.944207525175682605e+01
2.627196337179522345e+01
2.825299903395768553e+01
-4.044466761041675684e-01
4.396792638119554653e+01
1.088270155303742825e+01
-9.936070006879205163e-02
2.982484930304275395e+01
4.585504179290473559e+01
3.586982681119928174e+01
3.108736422984366499e+01
1.431944015010657623e+01
2.300029310447293440e+01
5.215468046140663283e+00
1.700120351915198924e+01
2.616365182659322386e+01
2.340838712492699969e+01
7.090438450411221893e+00
3.083674758213704337e+01
1.975376320840074840e+01
4.400378051744753094e+01
2.976334507422779296e+01
4.043896054290954667e-01
1.151695469885842016e+01
6.744607598932124581e+00
1.543771655272912113e+01
2.620503199222857660e+01
2.376700430400765995e+01
5.140121711504122004e+00
2.692210236930973366e+01
5.239263112019206403e+01
3.473032939091393700e+01
3.883754725644416794e+01
2.636088903722644972e+01
3.099700504857274552e+01
3.751488953936875248e+01
3.465132251535536767e+01
3.805662064157387903e+01
4.140745233819308169e+01
-1.467545544985198624e+00
4.059048032109072324e+01
2.154408877109841214e+01
3.118832148946011529e+01
3.364782939196210521e+01
1.515787652389328999e+00
3.348605440238645059e+01
4.579993166144549122e+01
1.459194988322636100e+01
3.426352564954336799e+01
3.175909919651503444e+01
2.907446028362258872e+01
1.205257312845067652e+01
3.799422570462768789e+01
2.589106482815944688e+01
5.035565572890516250e+01
1.613519681171798936e+01
1.544235039389980635e+01
1.957724970994395228e-02
3.730740253728748712e+01
3.450199614459049258e+01
4.336560756726430554e+01
3.560078908274706322e+01
2.752545217905743158e+01
5.135252815676762062e+00
4.262382234956628224e+01
2.457409358817956857e+01
3.282157742281152224e+01
1.094377774436325446e+01
3.036598851565306401e+00
2.080055660285107066e+01
2.132647948508443392e+01
7.181178036694515932e+00
3.851240071494866868e+01
1.261378431979347070e+00
1.881633202040042363e+01
2.751755744087598643e+01
1.368498010323203928e+01
4.211798596574520559e+01
3.847375565112148621e+01
2.184949053234716843e+01
1.832529461879002497e+01
1.195483980248078026e+01
1.924416245838733275e+01
3.945656633220546894e+01
2.451751285820135351e+01
2.189356699603763801e+01
2.367269457402949584e+01
3.770119146598291593e+01
5.483797901826704013e+00
2.306366739922544085e+01
2.188234466751686469e+01
4.729537447915618742e+01
1.799834042401279532e+01
4.692676414788546424e+01
2.071362909962916987e+01
2.368427635333259929e+01
5.235576137841670885e+01
2.526308170074171144e+01
-9.745371519212286948e-01
2.911470137428863580e+01
3.365273377562002111e+01
3.102427770781263305e+01
2.600379664618108322e+01
4.100607781948943398e+01
5.516173257480245340e+00
4.794042344611793993e+01
4.122247155705579047e+01
7.803794784889852565e+00
3.649053652276254667e+01
1.563342324182695187e+01
7.372451863893674684e+00
1.934775157715383287e+01
4.012419912497934149e+01
1.414019948661486392e+00
8.252134465238089689e+00
8.222503155561918575e+00
5.291695065561366818e+01
3.281257293013695886e+01
4.348093209836879680e+01
3.603738872501848789e+01
3.272968341861695052e+01
1.986054669898975078e+01
1.616008900612236943e+01
2.270953687315001801e+01
3.082549126956470786e+01
3.311889743709221534e+01
4.108498890537703829e+01
3.777683597667095228e+01
2.488813902328688243e+01
2.757261641876534952e+01
2.903099385895338713e+01
3.157232265523480308e+01
3.616008062668624490e+01
-4.870055511310995122e+00
4.536454869162908210e+01
1.110592843841653909e+01
1.129259403894771197e+01
4.007552316840543227e+01
1.099847895721815183e+00
1.541032525891666083e+01
-6.277600547995224822e+00
1.746410815740427935e+01
3.799302722095556817e+01
2.538761822361485798e+01
3.515025367926846656e+01
3.535039561183256041e+01
1.878156845881381898e+01
3.030026091757581597e+01
3.288542196978259824e+01
2.418389416522103019e+01
1.455632264825929667e+01
3.343757556825750044e+01
1.282908358490200840e+01
8.429566303378459580e+00
1.253093901387282294e+01
4.128061239788158332e+01
3.263852987483546997e+01
1.690741270688586084e+01
4.520728181538529356e+01
2.008187934703228805e+01
8.388522628525626246e+00
1.345547897012144389e+01
1.092997260396940540e+01
4.242998788401171595e+01
8.937855601829632235e+00
2.073181472794444602e+01
2.794855355340901326e+01
4.921311476790217299e+00
2.136584295140878353e+01
1.822085970893886753e+01
-2.933052762978086925e+00
4.355772697345575040e+01
3.562576767635855735e+00
2.987724589267810771e+01
4.154640582353988520e+01
1.762320244368013178e+01
1.468119178577565798e+01
4.084620592800983019e+01
-1.890831165754008225e+00
1.971469187564461834e+01
3.667801676368915764e+01
1.918655955269727897e+01
3.146060235650481829e+01
5.256124948404546160e+01
3.968122335749264096e+01
1.920752269350147756e+01
2.514069017269040884e+01
2.506291627205854411e+01
3.556509541888443948e+01
3.232685866294682597e+01
4.826291312090319963e+01
7.907909023382241109e+00
3.216460821262474568e+00
5.141188839229957352e+01
4.478098209484385528e+00
1.310142340772827119e+01
2.970864532384092627e+01
7.665684613438350503e+00
4.708908723639184757e+01
3.140419173382878526e+01
2.797936127459246336e+01
2.619826971992562648e+01
2.989711379003583502e+01
1.044273196767326217e+00
1.680495324367405630e+01
3.828965147421388338e+01
2.176641065450573009e+01
2.902393000798331002e+01
1.826265308540680365e+01
2.026408159896457839e+00
4.477866854041820943e+01
2.384797519357643125e+01
8.110036423465101230e-01
2.339881258013425835e+01
4.186969112200723941e+01
1.646532163970668350e+01
6.715598390254341687e+00
1.933393617308502144e+01
3.302680675148680933e+01
2.031108818543175687e+01
3.415251446817580927e+01
3.384157455062631925e+01
3.225971827131244396e+01
4.163060562072526238e+01
4.410592023096872083e+01
1.064387235824770173e+01
2.252121579041987687e+01
4.382573094466319219e+01
3.212776039759197744e+01
6.692195229477311269e-01
3.255528265125744269e+01
1.219498513262601591e+01
3.684034640046941433e+01
3.137773748576545430e+01
1.599615135193061555e+01
3.781379053402941537e+01
3.896157842907934565e+01
4.102695561994210038e+00
2.983367772016923425e+01
2.168195624558596535e+01
3.903598481860782954e+01
2.527407051671342586e+01
7.783742823974828084e+00
-6.564634725209549382e-01
1.707242028948191148e+01
3.523534338863950399e+00
1.613964845358300337e+01
1.848059014381154697e+01
2.953772501612585533e+00
3.131234668983114133e+01
1.879468606248990881e+01
3.011892889184473177e+01
3.081263022776934335e+01
2.027397099527295410e+01
1.432113882859012044e+01
3.822338994157045367e+00
8.350353040200024779e-01
-1.220026256801742814e-01
9.883813398039878351e+00
3.353151492799666844e+00
1.183160816154241068e+01
4.036879334790089047e+01
1.859513959643571468e+01
2.424520920914331512e+01
1.354930665641987630e+01
1.319877724077982606e+01
4.581264809565808349e+01
2.020259837452939422e+01
2.603789176046818099e+01
4.549197547465255553e+01
1.082531881307397015e+01
5.026276149487863165e+01
2.036230759281952274e+01
3.967936845890412201e+01
2.996790045129984748e+01
3.945282536534531914e+01
3.287402884399874381e+01
4.315383761783032845e+00
2.696248913567896821e+01
2.778952609175960120e+01
3.510406093777128689e+01
1.864263283764425339e+01
2.629671956830629753e+01
3.728161512716684456e+01
8.372491851539665575e+00
2.355972945226216453e+01
3.931782269607663949e+01
1.164537935496262300e+01
1.440062933860044581e+01
4.113443344793984124e+01
3.181920567473084560e+01
2.871548109231098778e+01
1.715146149315628676e+01
3.573339585673730312e+01
4.365082746104224753e+01
2.184840728472467930e+01
3.123850521778742362e+01
1.952303898171586227e-01
2.296280457337521952e+01
3.532945611606388781e+01
3.891773264873052085e+01
7.918550831418868619e+00
1.760843576175381742e+01
1.956595620685665438e+01
2.511917328160976126e+01
4.091596777045567279e+01
2.954581194247959175e+01
1.086618878616472372e+01
7.633419483691319840e+00
3.442576342381899934e+01
-6.919065404960665688e+00
7.344292481482281865e-01
4.490520211343282853e+01
2.827322554209907679e+01
4.139052769623919659e+01
2.052280797124949174e+01
5.213800736066191099e+00
3.084402092132958018e+00
1.942041979135840180e+01
2.075978331235170771e+01
2.192913543980337110e+01
1.530170775766014302e+01
5.037041744246960207e+01
2.706905396011590526e+01
1.471306446963588677e+01
1.532338850494553917e+01
2.272504209929930852e+01
4.480645274248951182e+01
4.161163485451888633e+00
1.595958769937228716e+01
3.348601551671590926e+01
1.354405264366855377e+01
9.038158976901822683e+00
1.660273476125115621e+01
1.324686643090949545e+01
4.685576914904554968e+01
2.721196904273035244e+01
3.339428936421865046e+01
5.464031107957890043e+00
2.299899777268964129e+01
7.675407301602611199e+00
1.163273447194185195e+01
4.001148150069754195e+01
2.275697190550214799e+01
3.647839875944509203e+00
4.908268680091388170e+00
7.784535424772072609e+00
1.480217958882314377e+01
1.734813272803097917e+01
9.190184551494477105e+00
2.559667513025755170e+01
3.460704846396417622e+01
4.610780751434892721e+01
4.218314389481231785e+01
4.193348087146175374e+01
1.344556565850650287e+01
1.923502403630230972e+01
6.050513168381567830e+00
1.833421705934343748e+01
3.878878040851868292e+01
3.261225940438450976e+01
2.239791583937154584e+01
1.944343989762831182e+00
3.853245166632604679e+01
3.088536557635960023e+01
2.087104014272618357e+01
4.853347697598523780e+01
8.288523118520604527e+00
1.980327337779702290e+01
-6.460777896761200623e+00
2.516869762280024858e+01
1.397836804176386671e+01
5.247578802640765261e+00
2.022283770814484427e+01
3.115013913815122137e+01
6.745878792075989061e+00
3.790711007822361012e+01
2.882552585495482589e+01
4.581939338761280567e+00
1.466019517803135663e+01
4.322751865513276215e+01
2.106032937802438809e+01
3.609696665940939653e+01
4.504014498430952784e+01
3.503248562314266934e+01
3.184029351517510520e+01
1.811303806446987608e+01
8.237450362615605925e+00
2.302367978944564086e+01
6.097952000168290532e+00
1.126702020476216148e+01
6.353589120291339043e+00
1.634478899276416897e+01
9.467631562602013773e+00
2.363689653777638711e+01
1.436034013505466511e+01
-1.193745306392494099e-01
5.334698403847206727e+00
2.450333918062919381e+01
2.872669905945593882e+01
3.789267812967589322e+01
3.461132909144410519e+01
1.312584012223827834e+01
1.274248557479399935e+01
3.737978338560532521e+00
1.588684510125661120e+01
3.196301354683342311e+01
1.320331561565854450e+01
3.574832328276386306e+01
2.601566932880996053e+00
3.621582009648820843e+01
3.548238544287598017e+01
2.577339820330557174e+01
1.784396229603650497e+01
3.007235077387289124e+01
1.718473938132952483e+01
3.938873166093466693e+01
5.196645956878703565e+00
1.617000289862624740e+01
5.149712894047937795e+01
3.816462598353439972e+01
3.431688719303453894e+01
2.857358262463504417e+01
9.071066521433774454e+00
3.896255903629392492e+01
1.651635200432211681e+00
1.575294775831547334e+01
1.902789550929932716e+01
2.842269760986739158e+01
3.868273116773597309e+01
-2.250581723792174138e+00
2.096115726657350464e+01
2.925044221277160972e+01
1.444460890331881053e+01
3.704820635229486925e+01
3.524148075589611295e+00
1.934351941043588852e+01
3.468053965552426376e+01
3.800678788503931571e+01
9.410777968242385327e+00
3.372216604519549321e+01
4.643195552116895186e+01
3.101558662796191967e+01
2.706820070001323231e+01
2.696787552907435526e+01
1.080676352277596308e+01
3.599055058724685097e+01
3.593807744590931463e+01
2.622967939008514904e+01
2.110756794871240416e+01
1.713436522940144613e+01
2.305941501805101623e+01
1.893205350487634675e+01
9.189692515148198737e+00
-8.443387322484952051e-03
8.831542296343096510e+00
2.852801174207759871e+01
2.831414577767669982e+01
1.109611941907296639e+01
9.055640713273215070e+00
4.171825454435168723e+01
3.759217711713606747e+00
-1.333827188460481761e+00
1.785746593771989410e+01
4.431402830653706992e+00
1.622764704122165824e+01
3.008186404152042215e+01
6.515801320009417807e+00
4.054774632005818091e+01
3.426798817133170161e+01
6.120904823579455645e+00
3.175915693437135090e+01
1.112951323659621572e+01
1.159698291269219439e+01
3.355244225395494340e+01
3.841896145926246930e+01
-9.672335293688195890e+00
2.151320386525783590e+01
4.757032073956837337e+01
2.778161310559858599e+00
5.304009473877524528e+01
2.142503152349008744e+01
4.590406937144953048e+01
4.438041451499731949e+00
4.150577339930391219e+01
2.185141339049772924e+01
2.369713079123643240e+01
1.300773598146708032e+01
3.443358254074696845e+01
4.103039363578515264e+01
3.075918840307049607e+01
-8.382125481999251893e-01
2.663335800601741354e+01
2.424047305048435064e+01
2.761061703978889170e+01
1.413747413183887147e+01
7.080888005609374147e+00
1.033190675751847643e+01
3.186616918180270019e+01
6.883746407530201949e+00
2.443817651978609717e+01
6.323323596006779290e+00
3.330429942199464222e+01
-2.992717216738217445e+00
7.366662536317693188e+00
1.792955503378885140e+01
1.383450268192188304e+01
-7.499689318791962211e-01
3.864625202091287548e+01
2.708373587335631427e+01
8.833362534406322908e+00
-4.175682753355888011e+00
2.323312826215966354e+01
3.113959245767050987e+01
-4.150757425747260143e-01
1.070113400101416623e+01
2.756098015276997160e+01
3.259890305055424875e+00
8.075499872556139991e+00
1.272266618918405534e+01
3.980273740079692857e+01
1.608494773169358893e+01
2.153225446298272416e+01
4.106670892797033190e+01
1.389413284575888596e+01
1.266236206120153263e+01
1.424667998924508439e+01
3.821961023486550602e+01
3.804670113676901888e+00
-2.681343572666879949e-01
2.251458675864592252e+01
2.075804035102107648e+01
8.165041084654149017e+00
-7.487597310856467514e-01
1.055754695949941357e+01
5.878134007745641654e+00
3.119910517661050520e+01
4.070136455652774288e+01
1.504692408768356771e+01
3.088494738895955827e+00
2.158984413190660945e+01
4.222762895314204457e+01
2.533222519340713319e+01
7.980700454933606913e+00
1.894693709718570318e+01
1.925892581957574734e+01
3.034226738314222516e+01
8.716274083178111809e+00
1.816320997375013135e+01
-6.099716027100406279e+00
7.718768693763931488e+00
3.521351105623549671e+01
4.603760016435109037e+01
3.031949846005617744e+01
3.976038696877876788e+01
1.849409091764149338e+01
3.690909533796495623e+01
2.496393989265960300e+01
4.041060279477804329e+01
7.357838761721310128e+00
3.671000221693117993e+01
8.468994706716431509e+00
4.165447678076476024e+01
1.659001713575086967e+01
1.226139826099834096e+01
4.162795544971272221e+01
3.149628231087663544e+00
5.117314506158776766e+01
1.761037955824169288e+01
1.482061461642837763e+01
4.386471550241068229e+01
1.284758611194980027e+01
2.414717131225424041e+01
7.042054338321364959e+00
3.692151496880758543e+01
9.968765609624840707e+00
7.895092956127616191e+00
3.716313590532202937e+01
3.036162334287425679e+01
2.058863713190725520e+01
4.262854831701089608e+01
1.274236619609046350e+01
3.602368981687181559e+01
1.393327726157780155e+01
2.284958512987184420e+01
3.540345035199742796e+01
3.431391066813901158e+00
2.999842671621050272e+01
9.028886526716897620e+00
5.650978681023195449e+00
1.015413267889598181e+01
7.558079049955269468e+00
2.197705335893285650e+01
1.972632247484954249e+01
3.197173082379387576e+00
2.855268045847560998e+01
2.595460253654687932e+01
3.769000320394064829e+01
1.988659398576193738e+01
1.901384700366225999e+01
4.990546837956711101e+01
5.141298525969530964e+00
4.068213199205732877e+01
3.931072109999119846e+01
1.456310767765438996e+01
5.226416579157722175e+00
6.142084641461663885e+00
2.920164690890588943e+01
5.896653104128077860e-01
1.682348160307265772e+01
2.810201952676435511e+01
1.847231182715280084e+01
2.175254917123526965e+01
2.574252992925884698e+01
4.489939138457447854e+01
4.276812692517435011e+01
6.496376474487211006e+00
1.819215321077306058e+01
-4.846150002350738895e+00
1.828150856038546479e+01
2.189316325023078846e+01
3.066052424434010604e+01
5.379422989627434148e+00
3.764510634575123760e+01
3.804630761214515644e+01
2.444078858449859393e+00
4.407861233845119742e+00
4.233463963780119244e+00
1.107296772324367673e+01
1.280998691746681573e+01
3.282131881426440856e+01
1.200105988844999416e+01
3.393893273191546456e+01
6.707265603504802165e+00
3.302270825042286528e+00
2.144615590128423221e+01
1.457296179326193375e+01
7.355328973500779632e+00
1.499108865451216133e+01
1.369353684997065912e+01
2.340805856996434997e+01
1.668248417277388995e+01
4.068986339505190131e+01
1.066145924337061679e+01
1.749824809446216278e+01
3.113390549956977438e+01
2.897059818576377666e+01
3.537660550892235278e+01
1.062251265448038851e+01
1.453403101650965823e+01
7.753376354605389764e+00
-3.568983040646129368e+00
7.108988634477806379e+00
1.210323143312442795e+01
3.136925291798282345e+01
3.327391256987130674e+01
3.979686092249824725e+01
3.309857771007950333e+01
3.972187229874276682e+01
5.653474085861143195e+00
3.704707549151603985e+01
5.693745944400469661e+00
3.034180440323489591e+01
3.027529921072896713e+01
1.325459979444515035e+01
4.827843642221278486e+00
3.141512067277959019e+01
1.714089575904440554e+00
4.313302163312889803e+01
1.280741067842465064e+01
3.989624005017036978e+01
2.488365892678189795e+01
1.157696114189430681e+01
8.430738716430917989e+00
1.655695362970602602e+01
1.791911836071244934e+01
4.173666307906508166e+01
3.005243731250936534e+01
2.907968785595780403e+01
6.593344713240184340e+00
3.482308746429226431e+01
3.793394258616609704e+01
4.996172626035733977e+00
2.159658119692977962e+01
-1.291871148907655975e+00
2.915695458575595467e+01
3.713827120918609381e+01
1.950449560169408514e+01
-7.780718129740860078e+00
1.348569802500085402e+01
1.589342780813655587e+01
2.341792128333189282e+01
1.699219314360180988e+01
2.341389514776485115e+01
1.480501375444805312e+01
9.425070626361394588e+00
1.096978757476499489e+01
1.656640271970106326e+01
3.112710247108333306e+01
3.996592100631014688e+01
2.882155416104125223e+01
2.454169821999688850e+01
2.888566725884304276e+01
3.641758235559589707e+01
2.478402917501734848e+01
2.544850281642305845e+01
3.137366336231625308e+00
2.619800868138009520e+01
3.247802434538669303e+01
4.207247459397687805e+01
