2.467034301102161464e+01
2.646563803019555294e+01
2.409309079391935882e+01
2.490118973364976185e+01
2.092865347124059028e+01
2.307237585287542814e+01
2.295643803498782276e+01
2.553406090351858282e+01
2.294918649696113278e+01
2.047754150607004320e+01
2.241068359345360861e+01
2.370858692676178237e+01
2.493439749761794033e+01
2.368121672480227957e+01
2.341462917043529757e+01
2.113135011758446780e+01
2.317258394050496406e+01
2.661765024800417834e+01
2.387641932693076186e+01
2.245919990897654728e+01
2.078761634669455205e+01
2.334217729524891638e+01
2.539081412022976281e+01
2.169924983110681183e+01
2.101810372240474933e+01
2.084867167073776528e+01
2.340292088589550090e+01
2.506360241496479446e+01
2.547748183691592061e+01
2.364920395588243807e+01
2.423792877545548308e+01
2.300312911958947737e+01
2.219336472230111923e+01
2.286791907974150817e+01
2.394870483063021638e+01
2.094400080944835096e+01
2.407375408096244129e+01
2.316211644953859405e+01
2.416032058727065035e+01
2.343196038395298331e+01
2.075293235375339052e+01
2.388543253674826161e+01
2.432569800474565369e+01
2.425205517831690472e+01
2.458010059753443599e+01
2.324940783377196141e+01
2.441761627295661086e+01
2.206297056134865997e+01
2.490506331022713127e+01
2.011233314174986475e+01
2.269457474147916543e+01
2.350947796663893996e+01
2.352064956336953472e+01
2.105267884125291999e+01
2.093820230321145459e+01
2.182984132342543404e+01
2.255563767685147880e+01
2.546775167596375056e+01
2.369168314505378348e+01
2.191180746646630695e+01
2.493582438494863496e+01
2.273282599059382747e+01
2.279326027218168704e+01
2.026310420696422554e+01
2.459166306716202044e+01
2.008638949761346382e+01
2.462484636498854229e+01
2.202277215094910900e+01
2.132523061318557467e+01
2.133889280184664727e+01
2.144910854230013442e+01
2.374938051686632079e+01
2.108184366557569334e+01
2.186904323273113704e+01
2.374322432232836277e+01
2.076946559309510576e+01
2.197024863844456277e+01
2.524243747649230585e+01
2.299281118295378334e+01
2.289333916496041610e+01
2.421035064030536077e+01
2.350689435006985306e+01
2.027936719505199292e+01
2.455930105557960275e+01
2.421660358517997835e+01
2.199975333507097730e+01
2.169443272627680130e+01
2.235112505580656261e+01
1.931788548155694585e+01
2.142022380308082674e+01
2.331023293818174125e+01
2.137044527690147788e+01
2.251895293604446024e+01
2.359254989565709337e+01
1.940284588213855343e+01
2.350662234893698965e+01
2.235665065328165113e+01
2.340589057304973508e+01
2.158499957805068092e+01
2.226302256098414745e+01
2.108419244354017863e+01
2.481758106020033949e+01
1.928214127343169793e+01
2.503630504346753938e+01
2.062900045349287126e+01
1.742792449149447265e+01
1.915473726804010468e+01
2.411156630725210093e+01
2.066069382607993177e+01
2.557140898022288766e+01
2.369303212678911663e+01
2.336222257134098612e+01
2.161615226601351836e+01
2.078083074615005188e+01
2.206197277939406831e+01
2.363507747851859619e+01
2.313676951412371707e+01
2.327359002778869979e+01
2.223392153480638811e+01
2.516793454611237379e+01
2.393300502386688322e+01
1.988493662798251904e+01
2.150269763331325734e+01
2.173921397321242210e+01
2.203685989110282506e+01
2.791800808158542679e+01
2.133415719305712344e+01
2.253910970073733111e+01
2.532951060114202235e+01
2.121758940368945900e+01
2.226359478476431164e+01
2.086842322067753486e+01
2.064472083600013619e+01
2.303360721670034650e+01
2.391855974405516605e+01
2.318769783565452158e+01
2.293058232943944574e+01
2.077033601091421033e+01
2.175852284471447362e+01
2.333673460007810974e+01
2.279013764915553963e+01
2.174930042639030248e+01
2.178843606983989645e+01
2.047452867655555053e+01
2.173253582386148963e+01
2.175121015130824631e+01
2.286848258051563576e+01
2.191564575431829809e+01
2.353871370421199671e+01
2.248413649504224665e+01
2.574435575520659114e+01
2.308708394122896479e+01
2.172738662026396739e+01
2.231867506287420611e+01
2.240740095907504070e+01
2.491415081294593747e+01
2.207391865790932073e+01
2.365841375365596733e+01
2.508363213486600429e+01
2.291465767606713300e+01
2.723242442707434563e+01
2.485901314295642095e+01
2.168560838569872828e+01
2.163027788600082246e+01
2.029796209336998203e+01
2.449558322342749150e+01
2.049219851129941006e+01
2.164997451994151589e+01
2.260272157834508633e+01
2.233711849103007197e+01
2.185095819461655253e+01
2.018905243416789830e+01
2.496172973952242202e+01
2.152213548829719514e+01
2.279253387670502207e+01
2.423523558111535436e+01
2.197125326802975920e+01
2.615183765321389586e+01
2.303383118091074522e+01
2.292650224098857947e+01
2.204883650377819748e+01
2.260238476274913211e+01
2.243764728940829656e+01
2.180557842372519417e+01
1.936280896343309976e+01
2.080093022249313250e+01
2.224692058323249810e+01
2.264162707825229859e+01
2.487603528122478025e+01
2.399384640767029353e+01
2.205349391874259268e+01
2.456593812571779623e+01
2.243830537521121116e+01
2.536456312178300010e+01
2.324043127583431456e+01
2.182841493488700024e+01
2.284529080289892988e+01
2.528210364634099960e+01
2.253663252016165330e+01
2.411324551455080112e+01
2.464775953817041554e+01
2.562675912853940119e+01
2.145890599031029566e+01
2.193378349370646774e+01
2.543694054641973068e+01
2.370735516938913889e+01
2.426298019134975092e+01
2.510294723869851197e+01
2.279017417153299618e+01
2.079482785022120694e+01
2.050239818477486153e+01
2.513652939878697623e+01
2.286506156596055561e+01
2.261217902626604115e+01
2.104133018275974010e+01
2.312932931004377224e+01
2.377560070213345966e+01
2.517781336424209826e+01
2.358497803107343316e+01
2.465325977543601965e+01
2.197324693287897901e+01
2.265496478484692133e+01
2.258673460484087414e+01
2.164645615753996566e+01
2.174162814088465012e+01
2.191049434817479380e+01
2.220991413463882935e+01
2.068499560916800206e+01
2.141278448082654862e+01
2.296565816776591262e+01
2.153029259148644670e+01
2.275624108591958006e+01
2.446570149160112351e+01
2.345700464680696840e+01
2.133691913999095036e+01
2.232571746765431797e+01
2.143809505832552986e+01
2.212553770522692531e+01
2.475209097348157528e+01
2.199895688719479381e+01
2.464680268733678048e+01
2.280725216988377113e+01
2.115585900665484331e+01
2.194136746263817628e+01
2.621383609571926954e+01
2.308227350075528150e+01
2.116119495873110523e+01
2.165368302353917329e+01
2.197525680441446028e+01
2.039029649392729127e+01
2.299070788026159207e+01
2.429927249633610131e+01
2.178824304861904793e+01
2.045907372203415520e+01
2.257193521921411516e+01
2.533425205007586811e+01
2.292108566039676631e+01
2.344563230883580474e+01
2.122654424144926821e+01
2.296830944701168420e+01
2.033941048830145704e+01
2.282132155027953502e+01
2.375666946128346879e+01
2.325793829840045746e+01
2.259841500538064096e+01
2.090432114360747207e+01
2.166404862526862729e+01
2.152124041690758816e+01
2.347374418492842807e+01
2.165857646390858449e+01
2.228460501382860315e+01
2.236504607748537765e+01
2.470795395979278908e+01
1.920587810504665427e+01
2.329436270113792062e+01
2.231028080692049542e+01
2.186742594543443019e+01
2.227476138603973155e+01
2.163064317987626239e+01
2.228497151368852514e+01
2.551239023205527445e+01
2.361451976478519654e+01
2.259981404918906378e+01
2.434522639141754752e+01
2.213056296469568807e+01
2.366631440280250231e+01
2.373537282126568826e+01
2.328247840349856901e+01
2.305196891996447306e+01
2.679562475068931704e+01
2.282720653856032555e+01
2.319390822546145614e+01
2.657788752952535560e+01
2.167882962697077787e+01
2.521717318976110533e+01
2.234947361724815096e+01
2.152922892182545311e+01
2.422947215729070436e+01
2.465145852332606324e+01
2.356361311711749096e+01
2.325427977113846367e+01
2.144139029497506499e+01
2.142858260823585681e+01
1.978408681600641117e+01
2.440759959981004457e+01
2.155544529319334401e+01
2.246186345384960603e+01
2.764779399946882421e+01
2.125228071735031676e+01
1.875685628532783866e+01
1.939188382279249012e+01
2.195044408076593712e+01
2.480811446230894646e+01
2.188443505861194893e+01
2.315748811809401531e+01
2.328953347747653524e+01
2.676239147391562057e+01
2.484694025407856799e+01
2.200810035794835073e+01
1.718329306790256084e+01
2.671561662611265930e+01
2.642069679297704354e+01
2.439670140596717474e+01
2.382389502030799022e+01
2.135411722767148035e+01
2.152274119108191641e+01
2.131318642839411837e+01
2.414387415461346009e+01
2.183240004095216236e+01
2.103037981225471498e+01
2.308694932941233091e+01
1.943096062861983597e+01
2.419831595472208363e+01
2.044076587036033388e+01
2.509240374062838086e+01
2.534151010712630026e+01
2.620296696799860570e+01
2.392149250360143142e+01
2.482977894870888846e+01
2.271272420768854872e+01
2.398857257304131707e+01
2.455740675676723228e+01
2.062300161959819533e+01
2.409529378503482988e+01
2.402807480230091031e+01
2.070665495251540023e+01
2.379271785073714796e+01
2.107819526637235796e+01
2.269311778133283042e+01
2.283974361148484178e+01
2.346095182396100043e+01
2.382961769443007682e+01
2.533431459784397433e+01
2.347920946358368965e+01
2.096203715024068259e+01
2.223316723822431840e+01
2.431967105034884469e+01
2.406492042585784930e+01
2.000495043637126358e+01
2.405696908907015796e+01
2.513061985705634882e+01
2.256425437455277816e+01
1.821304083733677004e+01
2.438049889894945821e+01
2.417242483953957688e+01
2.338551067074754641e+01
2.502272305938049968e+01
2.290526305293968790e+01
2.013081688075342157e+01
2.229660766432841612e+01
2.069377349185623061e+01
2.649897981167886840e+01
2.243221889728052787e+01
2.109237285352070046e+01
2.208013569497836315e+01
2.173492829258707459e+01
1.979839469770957194e+01
2.090838459142193173e+01
2.230289881676560881e+01
2.398156278723059032e+01
1.957103501724057182e+01
2.471606651988567904e+01
2.552222422661375845e+01
2.309487969329510548e+01
2.308870244072712197e+01
1.978117617526399030e+01
2.491747135533574919e+01
2.469236724007226513e+01
2.303395298362030630e+01
2.215579467762273680e+01
2.560170703073607257e+01
2.083843892894174843e+01
2.344585250763801199e+01
2.488884264204046914e+01
2.430030900336365107e+01
2.292913215809573657e+01
2.186594070894972575e+01
2.302409732332621672e+01
2.004878853832458674e+01
2.338896525349615274e+01
2.589846249635756692e+01
2.209086258158846761e+01
2.206877783826811878e+01
2.129802177486027759e+01
2.200678091914369716e+01
2.245581073304028052e+01
2.233950592726002782e+01
2.370578793190610867e+01
2.128091738308312486e+01
2.006012826207075150e+01
2.231025464252411084e+01
2.250480948917509849e+01
2.318003440911511248e+01
2.249510682530008054e+01
2.217428717868635601e+01
2.112651101476367899e+01
2.123059087172396886e+01
2.263430041409773708e+01
2.328974137018802537e+01
2.411871210217814365e+01
2.527836073431581099e+01
2.154248749897563542e+01
2.019769996631281117e+01
2.153031714085877368e+01
2.370306740725198580e+01
2.017608429028177142e+01
2.042034324189360106e+01
2.247910983811058472e+01
2.167665606274362489e+01
2.593424707716824074e+01
2.126711065208487383e+01
2.263588692432699290e+01
2.581994120319429342e+01
2.465201973928151702e+01
2.174153180604563929e+01
2.268974987689886191e+01
2.133612923394947103e+01
2.399526328650712159e+01
2.049385465837303144e+01
2.078999738732212421e+01
2.299762208381355677e+01
2.165876558326337431e+01
2.142948281219386786e+01
2.082813867434702715e+01
2.278444034363624482e+01
2.380691318531442846e+01
2.633202822226431294e+01
2.097171823794399614e+01
2.160486209086846898e+01
2.117133567078200684e+01
2.584002194217810811e+01
2.548259823053533069e+01
2.410979537985263832e+01
2.205159029208033417e+01
2.192950267632309647e+01
2.320041989319749121e+01
2.238054769572476133e+01
2.278553091478554649e+01
2.195340690240717052e+01
2.027608277489525435e+01
2.258950220045446855e+01
2.106668665709372945e+01
2.399514499082161123e+01
2.484229888500159333e+01
2.438624674324263353e+01
2.244417765016011046e+01
2.178249100052383014e+01
2.508508149680584864e+01
2.267005970933374570e+01
2.535567418716196286e+01
2.177926694829267262e+01
2.432323326244672046e+01
2.248775554468148741e+01
2.590469764292234700e+01
2.718993774251436335e+01
2.236304605165964787e+01
2.461602147568858356e+01
2.539442204950555038e+01
2.246334114103268220e+01
2.190798344050449131e+01
2.267623523018570708e+01
2.350728870347457899e+01
2.112199126879594857e+01
2.347753082899080468e+01
2.339746464924541058e+01
2.241016993672118573e+01
1.861148110398931266e+01
2.461652027075918525e+01
2.520946161077593572e+01
2.083484329964297288e+01
2.272608898902345942e+01
2.406574538994071943e+01
2.241345903454197597e+01
2.469076286345389804e+01
2.260362070725672012e+01
1.889890779952957089e+01
2.482858380265001230e+01
2.362074531075978356e+01
2.306656650694563737e+01
2.013684353631773050e+01
2.246749835196496647e+01
2.258505611881955488e+01
2.091489586691186275e+01
2.343092817508983927e+01
2.405844364641439981e+01
2.367539558987025217e+01
2.254362215254502644e+01
2.261474251798693658e+01
2.408021876227989821e+01
2.204251632895058677e+01
2.145056002158227315e+01
2.283578720856298716e+01
2.239878627144190304e+01
2.067294136233889645e+01
2.152940089079530139e+01
2.179509330008288970e+01
2.146355439788198893e+01
2.340535194507616623e+01
2.045378073338663683e+01
2.347478885216627376e+01
2.619015734325850886e+01
2.155450656629063388e+01
2.274612665563648051e+01
2.477888028250918495e+01
2.143939752416464373e+01
2.284430812491991603e+01
2.377538840997506142e+01
2.265195656996432305e+01
2.098680330654376291e+01
2.448173947213843249e+01
2.110986280966833561e+01
2.253003350315046660e+01
2.371584564434099107e+01
2.264811640098623258e+01
2.211259909550639691e+01
2.168247096342568980e+01
2.298591459787203561e+01
2.529099071076637983e+01
2.468514589593447894e+01
2.298231475921318889e+01
2.107470374007062119e+01
2.354034304303550584e+01
2.097851213487142985e+01
2.369632725633609738e+01
2.152129878550083220e+01
2.086767446576364193e+01
2.173166522179324289e+01
2.130968976420910366e+01
2.150773739873776691e+01
2.188730884838441071e+01
2.320830069209131707e+01
2.485779086468797416e+01
2.078201920727739349e+01
2.055029881557962312e+01
2.457088191313570391e+01
2.114956784327493367e+01
2.478575590055036315e+01
2.225005475571287406e+01
2.159867232330374875e+01
2.295527156516768841e+01
2.173735082629772464e+01
2.115791769505493392e+01
2.747498508100538217e+01
2.166628308608856557e+01
2.294871862753377911e+01
1.974530500456721072e+01
2.291376318018861014e+01
2.059143516496663295e+01
2.139259496652110215e+01
2.050503240308684028e+01
2.311451111269016323e+01
2.169829366772064461e+01
2.204419065873697647e+01
2.407540598121709863e+01
2.270690868224998127e+01
2.132518810460632608e+01
2.316120536655242645e+01
2.412926761668975928e+01
2.403057217077281749e+01
2.475156433232771036e+01
2.640696713605717960e+01
2.128952216510398188e+01
2.514068685392069469e+01
2.382985265601433866e+01
2.333622294244021589e+01
2.419807561172623878e+01
2.155670171580612759e+01
2.156062358874675411e+01
2.170520466610216204e+01
2.251466741973026231e+01
2.311835462630113369e+01
2.238466416539787573e+01
2.029685074172747505e+01
2.212393406290755138e+01
2.459338324310554569e+01
2.124730419064128384e+01
2.202861347017744009e+01
2.196939080701070068e+01
2.452363116195055781e+01
2.314843979871684709e+01
2.144071739455206682e+01
2.480889133861377260e+01
2.116338795949108942e+01
2.171060776082899579e+01
2.249706429364135118e+01
2.373981521230086500e+01
2.346482460136130044e+01
2.341112982004143461e+01
2.395499086780823461e+01
2.159398737396325885e+01
2.188764686410318916e+01
2.510773346507676607e+01
2.262130112388288694e+01
2.533013098045756450e+01
2.146014960993085197e+01
2.225446020911538980e+01
2.663478667665079413e+01
2.711874213136469436e+01
2.143831490841784415e+01
2.243688328364843088e+01
2.263209891697087883e+01
2.466616098300535498e+01
2.197302968055797479e+01
2.147014227479943571e+01
1.973969433176165822e+01
2.340167179414195076e+01
2.474620549279744708e+01
2.526093117714909297e+01
2.091280115209939439e+01
2.110470841013475507e+01
2.413242105249939229e+01
2.433367765684106132e+01
2.046816727673093439e+01
2.407381527210240435e+01
2.147170207738981063e+01
1.998017492677740492e+01
2.325668283749043042e+01
2.472442953271126242e+01
2.338330770121387658e+01
2.289794448269178773e+01
2.098521294986903740e+01
2.192482864751160321e+01
2.037186197866624937e+01
2.070703367907193027e+01
2.053268488858426011e+01
2.252421638082742916e+01
2.455080251200743291e+01
2.255179585720619784e+01
2.410009691362991546e+01
2.328590670903682991e+01
2.342048516876949549e+01
2.611184865758360374e+01
2.069133698683241107e+01
2.241520089645417713e+01
2.145074069274029327e+01
2.346950939887225829e+01
2.149753072111496621e+01
2.282741969294937689e+01
2.453702999596906764e+01
2.272530783334762461e+01
2.165577793819248598e+01
2.330250068986055112e+01
2.376260625944130211e+01
2.331663197615470295e+01
2.468005080220943270e+01
2.356346215579980097e+01
2.271614350564632545e+01
2.397321648901285940e+01
2.104621379460439456e+01
2.063208317910291711e+01
2.314320729581130109e+01
2.049871771426119693e+01
2.273872780570080465e+01
2.289341675672012144e+01
2.489850819137933513e+01
2.391324554172077299e+01
2.776569861051776655e+01
2.167334670996543977e+01
2.282257047886515622e+01
1.953629104553067819e+01
2.433914128740526550e+01
2.678739751655974288e+01
2.513644392592431487e+01
2.383975242648624260e+01
2.245337360934626858e+01
2.193241559772193128e+01
2.195748509470464072e+01
2.254832428597001126e+01
2.285166625479003599e+01
2.148748280723712512e+01
2.385607592010298106e+01
1.985490992294321444e+01
2.145662802891295229e+01
2.442346377599846718e+01
2.119070068133369489e+01
2.262908536481440436e+01
2.079150152029159315e+01
2.318876185664046119e+01
2.481154921972112604e+01
1.930426084442472856e+01
2.504146474943339840e+01
2.177811044186540812e+01
2.516137844700246617e+01
2.008275240299656161e+01
2.168736878075227636e+01
2.085258101042873591e+01
2.247801339973086598e+01
2.103252862469077300e+01
2.243759749681067817e+01
2.594093352995712820e+01
2.009170749490743901e+01
2.279665392263225598e+01
2.176443883017218539e+01
1.900450237087773075e+01
2.205360929424660554e+01
2.527823312570006919e+01
2.303982019217243860e+01
2.264712731358939379e+01
2.212645485530988054e+01
2.188970990793167815e+01
2.121979370762125683e+01
2.480480115818012621e+01
2.052010022888150687e+01
2.066477994985895705e+01
2.085183909309282058e+01
2.130823282127725804e+01
2.448270225497294206e+01
2.281800892242145906e+01
2.460191499904128420e+01
2.291585453664101024e+01
2.486137944844313097e+01
2.365660001695140124e+01
2.350509955760165681e+01
2.259293787245875862e+01
1.827806244843404571e+01
2.352951714990571475e+01
2.229411425023387849e+01
2.263331600049027870e+01
1.880619428384656544e+01
2.374851889407698025e+01
2.309216666715757782e+01
2.412653666420847642e+01
2.392948598712759178e+01
2.130931221238907725e+01
2.168061074053954584e+01
2.131645997503759560e+01
2.397804724453490621e+01
2.093195257208391880e+01
2.442324810476414498e+01
2.183163737011414796e+01
2.380997385807036792e+01
2.267387845719304451e+01
2.306537212956654415e+01
2.496434468473691126e+01
2.197374699227623651e+01
2.642834224104749907e+01
2.218823092749435233e+01
2.067502308850455961e+01
2.410279951570832324e+01
2.155602625095033531e+01
2.445391632153735273e+01
2.589779006172121001e+01
2.358667144165967144e+01
2.124103718872177282e+01
2.665270713589105611e+01
2.193774714449074992e+01
2.284941141494832451e+01
2.043928118473058220e+01
2.261908446550321727e+01
2.380814245322879330e+01
2.280798773569610560e+01
2.273328587554796343e+01
2.586896754634240025e+01
2.217369546421709003e+01
2.458957006280312640e+01
2.477552705699752167e+01
2.130193990393809500e+01
2.385044409863652959e+01
2.314330829839068926e+01
2.266408664872984957e+01
2.654058728478207385e+01
2.408720260438349570e+01
2.397892612658744582e+01
2.035197484777432919e+01
2.086968760207176743e+01
2.193597296845074496e+01
2.231690781020536463e+01
2.572199470052223447e+01
2.341827140359299619e+01
2.212651050551153986e+01
2.138186843009098936e+01
2.229219606476091187e+01
2.329014159254715821e+01
2.213454472855078237e+01
2.225185933429190399e+01
2.155032379705167855e+01
2.192538801210289989e+01
2.106552995857800425e+01
2.282005072273947732e+01
2.375724025129249384e+01
1.894499198077950908e+01
2.104145674454697357e+01
2.019926995880075538e+01
2.514042133946816548e+01
2.064148341540238007e+01
2.343260032854494668e+01
2.133354046932726789e+01
2.180431947548207461e+01
2.381648547134970428e+01
2.429993955118872506e+01
2.374343509867651036e+01
2.011167500820501886e+01
2.293417713125205282e+01
2.654972490282784392e+01
2.325759030616712053e+01
2.395031099347549741e+01
2.373091419933174251e+01
2.157867923935599919e+01
2.199377145954271029e+01
2.367194193564844795e+01
1.898307416522246882e+01
2.438956053034470273e+01
2.406378523373343370e+01
2.347892438822153949e+01
2.303921965092953528e+01
2.257719694804575639e+01
2.269037822547675276e+01
2.270176374368446304e+01
2.371916972314052074e+01
2.110001134510676124e+01
2.195012915544952392e+01
2.356528018211814768e+01
2.275657092066660070e+01
2.444157560731517975e+01
2.115429893809455564e+01
2.205365922078568275e+01
2.192538666599924468e+01
2.483399739450738153e+01
2.013732307681315348e+01
2.241258457952915961e+01
1.977450208973147383e+01
2.537982686193187476e+01
2.238718489821727786e+01
2.424171900620968145e+01
2.420339614902061243e+01
2.037867601129761042e+01
2.009041752542877290e+01
2.244755916802372653e+01
2.326133600559642289e+01
2.085919075083361207e+01
2.317114461170610440e+01
2.257826941887497796e+01
2.514424107860844515e+01
2.232999295758574831e+01
2.324996799041964834e+01
2.408880146791584664e+01
2.198327057808732832e+01
2.410014819695141597e+01
2.476144606835400097e+01
2.440221790186753736e+01
2.352277726222998666e+01
2.444291885222689942e+01
1.872498862934402553e+01
2.247850824204665798e+01
2.303579935008438540e+01
2.390851187064038186e+01
2.322625561730473720e+01
2.218298995588789069e+01
2.353570188400925289e+01
2.471884785669309181e+01
2.709145875617549848e+01
2.125640689749022272e+01
2.171127650282490151e+01
2.146565136571450694e+01
2.191086825859631659e+01
2.108912321386722510e+01
2.105096882971009720e+01
2.147262327492973455e+01
2.556814999715162529e+01
2.321481360210220757e+01
2.229736622887202202e+01
2.252086082031345526e+01
2.359032148242877369e+01
2.317146577395515195e+01
2.347450521112486044e+01
2.283104899580977687e+01
2.357671871146706266e+01
2.262094078597301916e+01
2.401726761514228770e+01
2.344673662404473191e+01
2.280917683352539882e+01
2.412996570600464707e+01
2.188527189256523542e+01
2.169158577614767935e+01
2.212480639764526558e+01
2.358876270386983265e+01
2.253940037834458110e+01
2.062973586521845704e+01
2.313100225557429468e+01
2.535359020866355806e+01
2.263329405559981922e+01
2.107889953190293397e+01
2.422348404709594760e+01
2.469412504294119515e+01
2.272441217490124288e+01
2.036500568065450878e+01
2.170540938756375482e+01
2.349571125578676245e+01
2.103946925453592698e+01
2.360927059243328330e+01
2.129264401071835877e+01
2.120308720861167728e+01
2.150594099648611035e+01
2.390205972290864267e+01
2.368082436774415100e+01
2.214867944144907597e+01
2.514995966386501536e+01
2.259691268465239844e+01
2.332442190142784710e+01
2.444188519814660054e+01
2.329833522930492862e+01
2.053940419748521862e+01
2.272145181142361992e+01
2.208934458430202952e+01
2.184581323397457098e+01
2.193609089448110794e+01
2.322899769568852690e+01
2.304310323001921290e+01
2.215035079728017919e+01
2.654528149466986875e+01
2.071849683902486916e+01
2.390557235427066374e+01
2.361764493886357386e+01
2.129518243930502308e+01
2.596510190312122646e+01
2.213615821174622411e+01
2.356331150963687904e+01
2.039240802812233611e+01
2.363105728704316277e+01
2.046972400240432677e+01
2.162772878152927447e+01
2.149919825113482119e+01
2.401772409687156085e+01
2.123718660474147057e+01
1.975857273317838647e+01
2.254681514355561589e+01
2.457913930561608851e+01
2.331970066024019772e+01
2.344510341576542345e+01
2.229346615099353457e+01
2.203677384358078584e+01
2.354490710096131778e+01
2.229512569111293629e+01
2.288181940901768385e+01
2.456606975742395349e+01
2.104947561338592621e+01
2.109677529466109291e+01
2.135417195048394490e+01
2.357067009318621942e+01
2.053570050337663488e+01
2.323808975081578510e+01
2.117565406818983220e+01
2.565904055241542281e+01
2.497102511206786701e+01
2.158608045588143298e+01
2.210479315458195160e+01
2.309780732878634524e+01
2.324709090309343296e+01
2.229328357742303979e+01
2.343395321958263722e+01
2.255403645493335318e+01
2.353464094472958124e+01
2.242587554168272490e+01
2.254088342376686427e+01
2.280077710851696082e+01
2.662930904026228518e+01
2.508454979053882994e+01
2.338524776589612486e+01
1.974819469475368550e+01
2.328741129299871204e+01
2.062149262139621086e+01
2.627616470247818725e+01
2.141717079560707759e+01
2.455437898326108481e+01
2.128576875954998826e+01
2.465353894855029182e+01
2.154341199037636656e+01
2.202306737219798194e+01
2.159048069891355937e+01
2.112165118658446517e+01
2.405629245944311734e+01
2.633246027956686319e+01
2.317471938505394036e+01
2.479803862751291632e+01
2.133256626090796360e+01
2.171242386768415855e+01
2.128790522786657036e+01
2.176978936144444887e+01
2.076557440305732172e+01
2.251008432427426342e+01
