2.457235657038548027e+01
2.643326687048349299e+01
2.402922505807132580e+01
2.486790060934925961e+01
2.087188146335515171e+01
2.299626344057788430e+01
2.288582087610027571e+01
2.540592300447131890e+01
2.282947795672531299e+01
2.038455612270662343e+01
2.229383440380292569e+01
2.363894556399969460e+01
2.485997903310566315e+01
2.363358378099067991e+01
2.329510742844734494e+01
2.106101407141855120e+01
2.315840925228277669e+01
2.649860818100719584e+01
2.378769243682135937e+01
2.233351200029807515e+01
2.067977821289894536e+01
2.326073207488193972e+01
2.530887708034655859e+01
2.158615877176497122e+01
2.094847161212595310e+01
2.077670201047823184e+01
2.330045678171877910e+01
2.500434864016618164e+01
2.541193333738165450e+01
2.359138562720984211e+01
2.412887703435324482e+01
2.290230539551512479e+01
2.207450762115293585e+01
2.278605401836877675e+01
2.390191442892010798e+01
2.089173238319875026e+01
2.394419617665085198e+01
2.308740562286282838e+01
2.411631104974736672e+01
2.332779338738856012e+01
2.065850948749741889e+01
2.382663445471851560e+01
2.421550363322719335e+01
2.412286192207522362e+01
2.450919042191652153e+01
2.315133709081298719e+01
2.434082631256643836e+01
2.201152169079400167e+01
2.480777969915244086e+01
1.998842115065814085e+01
2.261109973337390500e+01
2.348165882278077987e+01
2.342758821982618755e+01
2.092698576186270643e+01
2.081169049628267231e+01
2.175310804841472034e+01
2.249603312800866206e+01
2.542140435557384492e+01
2.364721870005427462e+01
2.180057778161005899e+01
2.485532373899683023e+01
2.259951813643095520e+01
2.267318570596760452e+01
2.019013643589575580e+01
2.457157420599162734e+01
2.001984833268026165e+01
2.453543906241339911e+01
2.194260345116387256e+01
2.127571908669290224e+01
2.126482728973143566e+01
2.135065199174621497e+01
2.364797014520727814e+01
2.099997630033025331e+01
2.182622352019424739e+01
2.363031539022275496e+01
2.067811683134959821e+01
2.186326997584418308e+01
2.515910783472664392e+01
2.290242707237770503e+01
2.278429321040999511e+01
2.415473023023518095e+01
2.345382477637680196e+01
2.021463306722385767e+01
2.450701677011250723e+01
2.411412666692099194e+01
2.182652383070391267e+01
2.163834587711965085e+01
2.227257834020588589e+01
1.923413780930107819e+01
2.130088636169107730e+01
2.323618136205970686e+01
2.126697583744104492e+01
2.243513136826119236e+01
2.351322806057157777e+01
1.930437918568502198e+01
2.341315365156994233e+01
2.230756332987096613e+01
2.336420914323611342e+01
2.151127031945704715e+01
2.214864982225903134e+01
2.101530405088252351e+01
2.474307487181106069e+01
1.919408783510892391e+01
2.499923962863364224e+01
2.056380771564606391e+01
1.734487851061880903e+01
1.910399993893440396e+01
2.400662569595742468e+01
2.059716485103759709e+01
2.555614583236697968e+01
2.356581594865222229e+01
2.334581340561582508e+01
2.147436857806808064e+01
2.070708597443733723e+01
2.196667235418901853e+01
2.353648364682025118e+01
2.303548064766957637e+01
2.317676741644110905e+01
2.220720608558025688e+01
2.506937622325728299e+01
2.393309418200691141e+01
1.981514437801564199e+01
2.143885564633156093e+01
2.166000141446483696e+01
2.198403305521661011e+01
2.784314772569309682e+01
2.123812265273442179e+01
2.248219485892558822e+01
2.524153157562837890e+01
2.109342111818941135e+01
2.217323070123603657e+01
2.086236170657139866e+01
2.057393888085171696e+01
2.295212759858255325e+01
2.387082917169443874e+01
2.312655795682162818e+01
2.286272184735703661e+01
2.064682225929106352e+01
2.168971394474386472e+01
2.325150331009170301e+01
2.274526165144404644e+01
2.166048680371599033e+01
2.164972586750206318e+01
2.034287147053481704e+01
2.162081424677515429e+01
2.163300225818642275e+01
2.277799982354428820e+01
2.185557530958300987e+01
2.347712495062824445e+01
2.244172675784762561e+01
2.562480546472656329e+01
2.299419833878683406e+01
2.165950783308825933e+01
2.224698566956032053e+01
2.238937182122184666e+01
2.487967955308733536e+01
2.196064511442143896e+01
2.359616188955142491e+01
2.492736224069808415e+01
2.283077426314261871e+01
2.716970320021892249e+01
2.478624833076212752e+01
2.156058476873808516e+01
2.154899565762827152e+01
2.017442025761791413e+01
2.446761249928898252e+01
2.042252760015628255e+01
2.157231575198808926e+01
2.244533642183510835e+01
2.228057618498152692e+01
2.178816445184738271e+01
2.011357060539624086e+01
2.489044722815408406e+01
2.146927582492068964e+01
2.269647502594652622e+01
2.412817958605626956e+01
2.194418508518214139e+01
2.611122737330674681e+01
2.293177718840009405e+01
2.286449206245043086e+01
2.194454431942430617e+01
2.252959100269372428e+01
2.235153204705049745e+01
2.169787201354049699e+01
1.931259170268752001e+01
2.071620652737988877e+01
2.216578754174433286e+01
2.258908799512327548e+01
2.474481543865349309e+01
2.388771525163383913e+01
2.198024811458428118e+01
2.454145526355059914e+01
2.238647050064583155e+01
2.528128347497395012e+01
2.320973852170717677e+01
2.174614888617345088e+01
2.278041814606613258e+01
2.524411436658554919e+01
2.245463884379108066e+01
2.402541649486356690e+01
2.461302096682018359e+01
2.553648007154499311e+01
2.137935696204774416e+01
2.184908102823242260e+01
2.533215042049328147e+01
2.363532812388773863e+01
2.423271384255949101e+01
2.501638922954237287e+01
2.270561884468239811e+01
2.073396817650927915e+01
2.042570650110590336e+01
2.507371221792220695e+01
2.282121220062492029e+01
2.256624241693807775e+01
2.096834474038314156e+01
2.300863449470422495e+01
2.376345801921652168e+01
2.515126367173247957e+01
2.353143072940809333e+01
2.454943802553350451e+01
2.187487857958881676e+01
2.256538306283181328e+01
2.255204592166814237e+01
2.155213357926988138e+01
2.158751778647002340e+01
2.183008845227148242e+01
2.215167077108688432e+01
2.062355735812128188e+01
2.126460027016754495e+01
2.291197840056052470e+01
2.151017908103851894e+01
2.269706884304130412e+01
2.439588472743032099e+01
2.335310176279410754e+01
2.124545310292580069e+01
2.221700073081857241e+01
2.133153292696465897e+01
2.209484019067372529e+01
2.470004062488514052e+01
2.190486176138350061e+01
2.458093102786542872e+01
2.278919692281294118e+01
2.109595742522310857e+01
2.192961506578669528e+01
2.610082317547031749e+01
2.305745406614370907e+01
2.106321718003025367e+01
2.157353548648762143e+01
2.186880570063203422e+01
2.031773993675430390e+01
2.287347961606680258e+01
2.424394899272298076e+01
2.169530843664437469e+01
2.033575408603710954e+01
2.251135435317435096e+01
2.530750400743751172e+01
2.287639598203193714e+01
2.338442954552014186e+01
2.114663438020561514e+01
2.288153310066796564e+01
2.024973741770265079e+01
2.267035183611545079e+01
2.370363252668614251e+01
2.318580271316822561e+01
2.250178910046592051e+01
2.079185154811305125e+01
2.158097912333198209e+01
2.139424082474216249e+01
2.342974904158386806e+01
2.156574857474594609e+01
2.219625902537699957e+01
2.223747504318917834e+01
2.461191527604825779e+01
1.914307470256729005e+01
2.322670433889296149e+01
2.231634182236883390e+01
2.174796460664066799e+01
2.217112840355720138e+01
2.151658253367618201e+01
2.220479975164286301e+01
2.541250679822084280e+01
2.362663656627960052e+01
2.254928133706780002e+01
2.430308766635667794e+01
2.202437939714781479e+01
2.361741461011751042e+01
2.363054141177125445e+01
2.324228331615257659e+01
2.300919639564063246e+01
2.671327365021177869e+01
2.272295440107200548e+01
2.309867367847744291e+01
2.651663678129873603e+01
2.159224553154960446e+01
2.510316152880930574e+01
2.226354445877619526e+01
2.148908095117276318e+01
2.413603940362057187e+01
2.457375374636361443e+01
2.347232639755983286e+01
2.312482011988817376e+01
2.132439942394592691e+01
2.132091596384529097e+01
1.968191958265412111e+01
2.439645923014393247e+01
2.150609711497805421e+01
2.238771376491668974e+01
2.763893956544943720e+01
2.120903715990687743e+01
1.871493030569300942e+01
1.931514976347226309e+01
2.187135812173749372e+01
2.477564993841139795e+01
2.178104572478536483e+01
2.306715547996236992e+01
2.323146755710521560e+01
2.669102243165051291e+01
2.479606388041589327e+01
2.193252440123287528e+01
1.707249568713947241e+01
2.664725823903809854e+01
2.631226097678877451e+01
2.431362390654305017e+01
2.377608715138056894e+01
2.123003707787872685e+01
2.145015989137770873e+01
2.127942122445752560e+01
2.404101640618992874e+01
2.177558498890397942e+01
2.092390075133856087e+01
2.306409499185772560e+01
1.923038141309395499e+01
2.408140340440305494e+01
2.037162253859058936e+01
2.498618834557338531e+01
2.525178494179973399e+01
2.610860992197831010e+01
2.383927529287026559e+01
2.480025117253767064e+01
2.269785698164959697e+01
2.394952202802532071e+01
2.446329665987770952e+01
2.047906098862500812e+01
2.403651189064609994e+01
2.392412854033369030e+01
2.062973369636777576e+01
2.367601572460391779e+01
2.101853530309999130e+01
2.259124784574141387e+01
2.280714004561397701e+01
2.342288536060097570e+01
2.373284272700579578e+01
2.524510445250876600e+01
2.339736889800099462e+01
2.090395334022545626e+01
2.219200775330791231e+01
2.425960296638836766e+01
2.392876625242357136e+01
1.988335780342312731e+01
2.392423658971892309e+01
2.509247829514554695e+01
2.249109447660530847e+01
1.813403553937114054e+01
2.432144140181822323e+01
2.408366209289948401e+01
2.335354220381639578e+01
2.486958312663247028e+01
2.285294153064767286e+01
2.004119134260491819e+01
2.220173700038816023e+01
2.061356355898149673e+01
2.645091049398354244e+01
2.232726747235621190e+01
2.099785547173916456e+01
2.197215810771821864e+01
2.167069317153154628e+01
1.973438903229964936e+01
2.082203826185189044e+01
2.216237399922390239e+01
2.388282547673469125e+01
1.958776554287888061e+01
2.457604321715809803e+01
2.545755245182559889e+01
2.305095084191172461e+01
2.305937561402706848e+01
1.967219859001815152e+01
2.483732615287602741e+01
2.463982084512346660e+01
2.297974182777662833e+01
2.201320060329967632e+01
2.553203852929301121e+01
2.075428460767906813e+01
2.336481956125586734e+01
2.481736178026858042e+01
2.420554977622379411e+01
2.286564212305416177e+01
2.178123434803368497e+01
2.299823923489877586e+01
1.994954268687264332e+01
2.332321692028412485e+01
2.586170793320857442e+01
2.202543780394194428e+01
2.196049205504569812e+01
2.118479346898064009e+01
2.188669052879477661e+01
2.236982946650177340e+01
2.225451739818472774e+01
2.360424689770358597e+01
2.121351750321887764e+01
1.995646094917823632e+01
2.222076871173029744e+01
2.239049679153397676e+01
2.312747729762351767e+01
2.239382718282431384e+01
2.206893901057292595e+01
2.106165023553136706e+01
2.111858951565776010e+01
2.254640244573481667e+01
2.322529784164035860e+01
2.397423278798908441e+01
2.522014997315435636e+01
2.138611921225008672e+01
2.016296498721226627e+01
2.149659562794572665e+01
2.358764089942514630e+01
2.015158070817388491e+01
2.035416319280364661e+01
2.240421616874034427e+01
2.154630618426967814e+01
2.586970830928644460e+01
2.122114881717616797e+01
2.253658345305986899e+01
2.574778660761017690e+01
2.457164214218811438e+01
2.162936539654800328e+01
2.262457546937201158e+01
2.126287135647527649e+01
2.385152949896070851e+01
2.038556382110697029e+01
2.074426375134721567e+01
2.294645323478151511e+01
2.162652160752197261e+01
2.136798653163503303e+01
2.069194203822734579e+01
2.268355629448456412e+01
2.370220384125563484e+01
2.625179060399236874e+01
2.095689973423015928e+01
2.151345083460535434e+01
2.103343144867437786e+01
2.569668245394207418e+01
2.539038518921618603e+01
2.402575592424754447e+01
2.196102588618213503e+01
2.184610305175139544e+01
2.315306230528458542e+01
2.229895445428207879e+01
2.267297099798724958e+01
2.182573357624014321e+01
2.017046098314524727e+01
2.249612470508894191e+01
2.105084526443658532e+01
2.395568329903328220e+01
2.476000423149494978e+01
2.424795972291928692e+01
2.237989653870135598e+01
2.169133013904914620e+01
2.503228197947236211e+01
2.257382577996074957e+01
2.530899458556552517e+01
2.168745695922685357e+01
2.426879832048049934e+01
2.238654668024478411e+01
2.583309373537345977e+01
2.709246453300650259e+01
2.228475349064784794e+01
2.456376666847064882e+01
2.535778312411844126e+01
2.241010273453106905e+01
2.178979462974213988e+01
2.259410312987667524e+01
2.344265073286693735e+01
2.101541190546681293e+01
2.339396486705254574e+01
2.327995870359448460e+01
2.233427166576866441e+01
1.853539919602200214e+01
2.451115535572564497e+01
2.517845175255681767e+01
2.072470199718824801e+01
2.269529336349445003e+01
2.398313984873929172e+01
2.233941991289086459e+01
2.464430960632723355e+01
2.250079700653238035e+01
1.881093347482138611e+01
2.472223482697128460e+01
2.344347222983417822e+01
2.293114685664499675e+01
2.011061384780403571e+01
2.232388965901238009e+01
2.256624937884317106e+01
2.082656828270026494e+01
2.335904242107324080e+01
2.399066649202414681e+01
2.364117357778838979e+01
2.244729435908596926e+01
2.254169074854675969e+01
2.404548774772723618e+01
2.193282760182928115e+01
2.141313005342325226e+01
2.281751783367277753e+01
2.234077113693274796e+01
2.050833735852422990e+01
2.142758364736772236e+01
2.169221925782478522e+01
2.134363648880134079e+01
2.328228222313466844e+01
2.035387883703889500e+01
2.339766538010252361e+01
2.616359618953291033e+01
2.148596994865573606e+01
2.269980179532088727e+01
2.470466679657871367e+01
2.135968540933295756e+01
2.276940930425602261e+01
2.372433002984643480e+01
2.262051283652307987e+01
2.090561215207656787e+01
2.448487341901409664e+01
2.107662989648052587e+01
2.246012777708798325e+01
2.366293862264340220e+01
2.257755061579405265e+01
2.205840937929892220e+01
2.163660454892609408e+01
2.291622839262011624e+01
2.514441472213977846e+01
2.459524277341214216e+01
2.289730984260587476e+01
2.094312211073761532e+01
2.351475907441832547e+01
2.092255164798508815e+01
2.368052995564338303e+01
2.139788206144359251e+01
2.082819263123788289e+01
2.161901708980201064e+01
2.123711359122366105e+01
2.149013215966309431e+01
2.181960238819022990e+01
2.313259337532320359e+01
2.480834382672785665e+01
2.064511824328143774e+01
2.046747253726257654e+01
2.453598629273587051e+01
2.112501006367540057e+01
2.469827779235436793e+01
2.213465436523810581e+01
2.146596818394480266e+01
2.286573764784321128e+01
2.163021947942135270e+01
2.108225534211986840e+01
2.734987287414064738e+01
2.150515232317881598e+01
2.284321382285209268e+01
1.960333099550593161e+01
2.285257090339865371e+01
2.053967859764446402e+01
2.133055823930324735e+01
2.042661782394992898e+01
2.303203278154897404e+01
2.164604294507920201e+01
2.194301173817973449e+01
2.397636445460243593e+01
2.263055289761835809e+01
2.121839799752613942e+01
2.308175377876185053e+01
2.409407603411034771e+01
2.393019663031938649e+01
2.468583940606521310e+01
2.635520077620003221e+01
2.122959058111436548e+01
2.510181402616182922e+01
2.380623075602115790e+01
2.320296859280717428e+01
2.412801899451602949e+01
2.147331791412639390e+01
2.146858277245328850e+01
2.163439171749022449e+01
2.249887360241222112e+01
2.302944920466769219e+01
2.237105230351020779e+01
2.025508109318569083e+01
2.201541802071409748e+01
2.452150724834585560e+01
2.119118791503330002e+01
2.189451988091210666e+01
2.189242379366295310e+01
2.441064148049575877e+01
2.314100737817153686e+01
2.133596405710522603e+01
2.471930562636388373e+01
2.110877629253833376e+01
2.165924271376837495e+01
2.239300272442427087e+01
2.368768584443827052e+01
2.338942721134224101e+01
2.338464084142902166e+01
2.397217569056386921e+01
2.151354282987874100e+01
2.188457534365423029e+01
2.507771110965150640e+01
2.253304518456476302e+01
2.529264082818878023e+01
2.137784083283574077e+01
2.213319475807600867e+01
2.651286621371595587e+01
2.700727776752140485e+01
2.135472674356536160e+01
2.234803673649130573e+01
2.257518279468195743e+01
2.462913434212168440e+01
2.186187489310232479e+01
2.142074223179505665e+01
1.965108031471361016e+01
2.332644764866682863e+01
2.459958652985055139e+01
2.520355325021172277e+01
2.083350413380817656e+01
2.097874423756178430e+01
2.408084069314493192e+01
2.428043354469902582e+01
2.033536426186559964e+01
2.392045922974726579e+01
2.139136242373944441e+01
1.995962917018909977e+01
2.320683406342873312e+01
2.466069128850307024e+01
2.328188055763121511e+01
2.277755225688064300e+01
2.089192195881767233e+01
2.181333170365333629e+01
2.029746730015884282e+01
2.060034511898850340e+01
2.038947201769846984e+01
2.245759825292196510e+01
2.444766824942625760e+01
2.253511251108157154e+01
2.408310936167637095e+01
2.319226182720854013e+01
2.334177992158701898e+01
2.600288742581449597e+01
2.058286130962508764e+01
2.230829684011601799e+01
2.136594409403566530e+01
2.341055644204191211e+01
2.143870484684770616e+01
2.275919282127254561e+01
2.446046782093930361e+01
2.262549088263482844e+01
2.161650025091119787e+01
2.319528997700169981e+01
2.371250332726938836e+01
2.324104208829437468e+01
2.458376453618110347e+01
2.351471014667909998e+01
2.264197772605316672e+01
2.385630138442725823e+01
2.095572047674598437e+01
2.051506184134346356e+01
2.312647321833110681e+01
2.041195497689204075e+01
2.268048660058253674e+01
2.281180956213687239e+01
2.483538945229439676e+01
2.383466915073331549e+01
2.769481357440237090e+01
2.163901360411695407e+01
2.276989868980853160e+01
1.942886413965512560e+01
2.422384891975368504e+01
2.669126093243637143e+01
2.505437293679526434e+01
2.381277071106480037e+01
2.238498210214047646e+01
2.188856003427930830e+01
2.190836377437803861e+01
2.248712927085776414e+01
2.277389857265143291e+01
2.138456989689380450e+01
2.381178327677111284e+01
1.975326947165601510e+01
2.140444217487706524e+01
2.438662677170766457e+01
2.116458260433079985e+01
2.256899002862666492e+01
2.069987628069655017e+01
2.310920121112406278e+01
2.475948648254507489e+01
1.923631633829700505e+01
2.498582008975792590e+01
2.170557513379316106e+01
2.505051003405908006e+01
2.000231560127406993e+01
2.165551858066104529e+01
2.072054076426610081e+01
2.235273677169895734e+01
2.095084597025211792e+01
2.231308264334213121e+01
2.585913689533058957e+01
1.998721823105941198e+01
2.271579458867762824e+01
2.173202353688791888e+01
1.891184923692982522e+01
2.197408429652979933e+01
2.523333870242121080e+01
2.295935438437876286e+01
2.259951605303266930e+01
2.205064801075721803e+01
2.181134243094120961e+01
2.112558506802151115e+01
2.476189175141440657e+01
2.045405346198340268e+01
2.058444243159246412e+01
2.078109188892197068e+01
2.123512825417861904e+01
2.441588171635758542e+01
2.273358235754596990e+01
2.452916292168743695e+01
2.282601811075690534e+01
2.476699402325760246e+01
2.361288566882561568e+01
2.343493632694453410e+01
2.253161718923645651e+01
1.820140507487512949e+01
2.346054471752009363e+01
2.227946997249916450e+01
2.255139990664655159e+01
1.867606515532260403e+01
2.363478904973416661e+01
2.298857970415986784e+01
2.404737170081961040e+01
2.383498332894701832e+01
2.119942309460588703e+01
2.163630378344563709e+01
2.125860416819168464e+01
2.393402487863869510e+01
2.082236926464516102e+01
2.435088014340627538e+01
2.174712616112217844e+01
2.371777186112040070e+01
2.261451798297028404e+01
2.300931760210438171e+01
2.491485706858397364e+01
2.192511852973756348e+01
2.642239239697980224e+01
2.210243008741134219e+01
2.057513385832383435e+01
2.395072945561146582e+01
2.148908312714848634e+01
2.439578724807901366e+01
2.586691987956240979e+01
2.352680950186486442e+01
2.112916792545131983e+01
2.655265670679833789e+01
2.188089134980111439e+01
2.280919555260718568e+01
2.032814732311197403e+01
2.260438728008840314e+01
2.370775330411744974e+01
2.273404709857069861e+01
2.262877950992298892e+01
2.580633627208634451e+01
2.202976871118434588e+01
2.458382624717356890e+01
2.471861086897585125e+01
2.114835135758928431e+01
2.375876381364080814e+01
2.302979113810722822e+01
2.257982214424855272e+01
2.646696482643215376e+01
2.394731966211699259e+01
2.387271140498514299e+01
2.024817335633956006e+01
2.081606189012865826e+01
2.182889745823928251e+01
2.228983915426797680e+01
2.561179002105922820e+01
2.330642724091517337e+01
2.207358269389451166e+01
2.131251732515151431e+01
2.219266979468781287e+01
2.325967473042806688e+01
2.200134612341586049e+01
2.217833108077620352e+01
2.150614326826593015e+01
2.186379038229254945e+01
2.094447799124970189e+01
2.269845454072660473e+01
2.368357067998634236e+01
1.889627947097048377e+01
2.093381624995195267e+01
2.011247142035181668e+01
2.510254267152505392e+01
2.060139173715299776e+01
2.336741290779094271e+01
2.126441983601600327e+01
2.175725721565278548e+01
2.366972716529513576e+01
2.427114421888325779e+01
2.368521083870915689e+01
2.005490978911361921e+01
2.280320689980047177e+01
2.647775210612213925e+01
2.317436518196240414e+01
2.388404371736119458e+01
2.364129424554860037e+01
2.149925235488888831e+01
2.194078653085378505e+01
2.356469750194312240e+01
1.891777893622713336e+01
2.427387664670940381e+01
2.396384954742422480e+01
2.339637395824745170e+01
2.298001742603357656e+01
2.251565917757091739e+01
2.255986326606829095e+01
2.258135858636424587e+01
2.362711433056964339e+01
2.101522883050132151e+01
2.187886430193891485e+01
2.349438551066178960e+01
2.275835933228543340e+01
2.430148010935657865e+01
2.099764873722102010e+01
2.192255313048775633e+01
2.186406430776775878e+01
2.477216452584864115e+01
2.002945802561961841e+01
2.235249465862097651e+01
1.969525863676040345e+01
2.531463817917648740e+01
2.234574621274143524e+01
2.416352473783176791e+01
2.405225182793708427e+01
2.031196108927456834e+01
1.992492676698782006e+01
2.238368227106672848e+01
2.317829332383511343e+01
2.079219678954611439e+01
2.310242017012928883e+01
2.252216594625487289e+01
2.505489868338602122e+01
2.223070906759798504e+01
2.314283761575740428e+01
2.398345829787854200e+01
2.192842543890359508e+01
2.404193418675026450e+01
2.469419704326357135e+01
2.435364130617662681e+01
2.345558498435377359e+01
2.436522699699880334e+01
1.869248127478240207e+01
2.236949600760527801e+01
2.294867134023939670e+01
2.383498808383141920e+01
2.316594044843793299e+01
2.206714718515965856e+01
2.348030167038862359e+01
2.461047071173650735e+01
2.702801128001457798e+01
2.120547298364634159e+01
2.160892938759015536e+01
2.137591753912117909e+01
2.174338415696771420e+01
2.103386355365142890e+01
2.092886721033297093e+01
2.140903570186748794e+01
2.550840913026616619e+01
2.318339730349246608e+01
2.223240570501393520e+01
2.238881795455927204e+01
2.352151356714984587e+01
2.313655234389790749e+01
2.340923675603342247e+01
2.277812186910292169e+01
2.348113917460198863e+01
2.251143870788031620e+01
2.390626387334181047e+01
2.333468131401137668e+01
2.270167506577216088e+01
2.399590372029976493e+01
2.173927140710367922e+01
2.163722923498332662e+01
2.201716583110783176e+01
2.354332415945900792e+01
2.246111166395540693e+01
2.053561711539166623e+01
2.305168617438041778e+01
2.535407451447747462e+01
2.260736975515166947e+01
2.099039606032318517e+01
2.417811469837187843e+01
2.466263480775964112e+01
2.258185110007564234e+01
2.029538044809415709e+01
2.160268719850673591e+01
2.338133285366729552e+01
2.093905716184239907e+01
2.354049279929044403e+01
2.121182065005178430e+01
2.114097120362554705e+01
2.142270227198462962e+01
2.381791140971672505e+01
2.360774639789192264e+01
2.204814630514135843e+01
2.502379043398597602e+01
2.259427774103059861e+01
2.324809647428977044e+01
2.436173593936489823e+01
2.323165092454739522e+01
2.045609855279198541e+01
2.267197423679200341e+01
2.198576099282688645e+01
2.175255352263748065e+01
2.187933401699599045e+01
2.314409816804955966e+01
2.300254592752348870e+01
2.208693648150965672e+01
2.649572677265257425e+01
2.063677987479783482e+01
2.375985376028641838e+01
2.351402216864645567e+01
2.123072775501680098e+01
2.589855120430100399e+01
2.206325071447531627e+01
2.345541251708453245e+01
2.033105941497423785e+01
2.351685892259600408e+01
2.030884411927624811e+01
2.153745134816749740e+01
2.140927773947152346e+01
2.390779322880210600e+01
2.111863787852908203e+01
1.966291995348478849e+01
2.248798553618046014e+01
2.455363916321470796e+01
2.319669251312153690e+01
2.332962743187177779e+01
2.220028899373190967e+01
2.196088271050009411e+01
2.349220602101654265e+01
2.227198112775906935e+01
2.282469575959045471e+01
2.447961263902388396e+01
2.091984279849735628e+01
2.096752239491901904e+01
2.128633085909643796e+01
2.348936883594548064e+01
2.049177093422097684e+01
2.319980657501215404e+01
2.103508823917922399e+01
2.552832374333591403e+01
2.488400069589366481e+01
2.151580686362468242e+01
2.204236274929498052e+01
2.307757924667129501e+01
2.320986570913134273e+01
2.220022693828126847e+01
2.336830327087695380e+01
2.251479721634237663e+01
2.344887094755376111e+01
2.236866786537725460e+01
2.251051940704547150e+01
2.271491213097760919e+01
2.657910049913478545e+01
2.497710301734703719e+01
2.329413961468918970e+01
1.963890163483142715e+01
2.326357411866144176e+01
2.053798591427521814e+01
2.619303100505149118e+01
2.132642010816547895e+01
2.450377276852811548e+01
2.121598728512546117e+01
2.460535250005959540e+01
2.145437464649920400e+01
2.197909057264045174e+01
2.147687067674376138e+01
2.108363018352540408e+01
2.396807329097968875e+01
2.631969894958966805e+01
2.314686201411084809e+01
2.472294192950537095e+01
2.122935053044252385e+01
2.161651909272518424e+01
2.123092281064644027e+01
2.169530758227968548e+01
2.069527179017633500e+01
2.246113799260605504e+01
