2.412858803055936008e+01
2.534576943889367229e+01
2.410663165906740346e+01
2.623002118462184740e+01
2.183679134099270769e+01
2.215994913944809142e+01
2.416316599635420559e+01
2.363685291176580350e+01
2.440107637321426282e+01
2.016467422534874387e+01
2.126129292842250607e+01
2.424131301956105133e+01
2.453722283397964077e+01
2.346342497958793771e+01
2.192948130237983406e+01
2.385397140233634516e+01
2.287706756272953612e+01
2.684702911712516027e+01
2.612612507570527853e+01
2.230509551882391861e+01
2.104376193208846146e+01
2.305869052108298689e+01
2.557282437771474548e+01
2.215915925008895471e+01
2.241891606759199718e+01
2.210180759326199507e+01
2.362064065797396850e+01
2.592256385943597508e+01
2.655655429336392359e+01
2.220344927451713701e+01
2.348122389624579398e+01
2.406638050814987295e+01
2.247137496325721173e+01
2.191511147168120033e+01
2.334169911424574195e+01
2.195237395624030441e+01
2.502924908766910406e+01
2.481041329317534760e+01
2.392709949478009790e+01
2.367195394666196151e+01
2.060607520310670537e+01
2.472835247803674008e+01
2.360044801633144829e+01
2.206243386413751040e+01
2.581128948391310374e+01
2.314821757182004447e+01
2.458742184403262243e+01
2.096200864628832861e+01
2.288283172953044442e+01
2.331233319851594743e+01
2.214949506182432160e+01
2.377936990657462957e+01
2.506704008014638063e+01
2.046358405785221635e+01
2.274435434327549643e+01
2.363871518000188843e+01
2.234436550076670258e+01
2.360685663762405895e+01
2.326425273970025387e+01
2.414746783145908182e+01
2.389184804308184695e+01
2.245949184902794116e+01
2.146511385910857683e+01
2.115162748058170550e+01
2.499571801487756773e+01
2.249430573459706295e+01
2.401592064374570157e+01
2.249139073465454430e+01
2.366470391861781764e+01
2.340138232313066524e+01
2.179762426921278262e+01
2.471881392865674343e+01
2.163970464030160912e+01
2.086100280236994919e+01
2.447562479239836009e+01
2.197367372096619675e+01
2.421505789393614450e+01
2.520070178748643031e+01
2.262666677352562772e+01
2.386009495788115942e+01
2.371643081733130032e+01
2.529985920438327796e+01
1.972831733259506848e+01
2.450294995733001002e+01
2.279295167851162418e+01
2.316442837182334102e+01
2.186660413927585012e+01
2.242381484590065099e+01
2.090239019572796408e+01
2.186605827325304929e+01
2.456026280271718676e+01
2.079819065302020675e+01
2.097266480167470704e+01
2.444016829184901241e+01
2.173278484122923970e+01
2.297578360202989955e+01
2.331115128508568546e+01
2.261234977318557071e+01
2.119160821591118449e+01
2.106040265874934292e+01
2.284671460418176281e+01
2.316879312186659945e+01
2.147927362787791594e+01
2.359857271672925094e+01
2.278012481096191877e+01
2.089352407286073543e+01
1.973790224079096234e+01
2.494669001326656499e+01
2.202092779294602920e+01
2.239661253382674388e+01
2.200019690824319696e+01
2.241217125751384742e+01
2.080912234356054924e+01
2.310417542909219790e+01
2.351564144605088202e+01
2.360386375366467249e+01
2.452828350445653882e+01
2.539416149033719705e+01
2.244242976433794112e+01
2.571934601593655145e+01
2.150846537203856101e+01
2.097780971474699641e+01
2.180296558295820830e+01
2.346564655103298591e+01
2.178567529335300534e+01
2.637940997141426891e+01
2.281034322034142647e+01
2.124509059470020134e+01
2.450038606413816922e+01
2.212347676168829835e+01
2.359717057859991485e+01
1.969556259127214659e+01
2.124636393443885751e+01
2.406786156761096152e+01
2.319298941971097605e+01
2.302356302732260573e+01
2.136598491711341197e+01
2.253572245836048893e+01
2.265624736873358103e+01
2.434674773148153548e+01
2.228956537053689146e+01
2.102024499818732295e+01
2.229699255785017797e+01
2.151848825558080591e+01
2.216405813182049656e+01
2.328870532252307513e+01
2.287788719583965857e+01
2.269972226782458691e+01
2.357398174199501639e+01
2.239946576273357692e+01
2.567002662885155573e+01
2.434460246529295446e+01
2.327794169322512730e+01
2.268893976656488221e+01
2.184829142744385777e+01
2.389870974377967627e+01
2.313974138340875442e+01
2.485120623653273952e+01
2.400432968806645917e+01
2.257740789168013507e+01
2.599097803494040093e+01
2.599778389340285045e+01
2.123059811258084650e+01
2.051460699768805895e+01
2.090809173507536656e+01
2.320825278653060764e+01
2.106998469309657906e+01
2.130169321225078960e+01
2.278286613507542313e+01
2.200733901985596219e+01
2.049145519727012399e+01
2.216230017002579089e+01
2.351648628476673153e+01
2.231921758510213394e+01
2.433333242877871427e+01
2.263086375424230923e+01
2.112050836980428059e+01
2.646115814232017627e+01
2.505298899607053187e+01
2.275291308702681192e+01
2.391070627061366594e+01
2.385210154858816978e+01
2.303588532035934833e+01
2.072984239204398094e+01
1.993961418721432466e+01
2.296708861513019073e+01
2.203045328400300562e+01
2.234602513893029396e+01
2.477692604092722917e+01
2.469601429824098915e+01
2.183460163836668855e+01
2.522323087465694513e+01
2.253014146893997705e+01
2.656841216930909155e+01
2.240343503392377755e+01
2.407436584130799773e+01
2.164659480587142681e+01
2.353222515700674222e+01
2.307535708353237425e+01
2.431546421342473607e+01
2.508290442381132479e+01
2.361270011656413814e+01
2.158436548483709672e+01
2.168569838409881356e+01
2.581579182686695262e+01
2.153246727242768443e+01
2.289281138523695702e+01
2.476063104760437383e+01
2.319631769729744164e+01
2.068965242259125148e+01
2.393865367955599766e+01
2.725254955353626585e+01
2.538165202071844462e+01
2.034767715373950026e+01
2.019468441274430504e+01
2.305545138300333718e+01
2.322746058967754834e+01
2.425882450760193620e+01
2.243898826367652788e+01
2.578464825604517330e+01
2.182583848250485659e+01
2.271317661334889593e+01
2.367736237717563696e+01
2.245942249340247798e+01
2.153730137287306690e+01
2.206750359602763822e+01
2.295491558539846366e+01
2.281025800055359909e+01
2.080570740662261287e+01
2.463547605137332042e+01
2.356990249992857400e+01
2.153775969648744493e+01
2.553529202764891437e+01
2.562199958013709633e+01
2.445708677305363565e+01
2.064199901475146248e+01
2.324307806771743046e+01
2.140405291621378225e+01
2.488651073394414226e+01
2.333548439628690829e+01
2.452430710682743253e+01
2.360942593227386155e+01
2.130437936696487355e+01
2.321813878294317490e+01
2.519184319227565894e+01
2.320406832916707884e+01
2.066143096614375452e+01
2.324253318181784422e+01
2.368222516435677605e+01
2.323132598165551599e+01
2.180941907906935739e+01
2.443476033817532667e+01
2.405962957972453253e+01
2.123182724228754026e+01
2.323426561146892055e+01
2.495508958612932204e+01
2.379443500411074197e+01
2.665930815961931799e+01
2.293629466599649191e+01
2.316261821074767724e+01
2.074294893448436383e+01
2.403245863373541269e+01
2.549428280278038272e+01
2.225840203033827081e+01
2.408045790878195902e+01
2.200566419079800795e+01
2.237294225180062668e+01
2.264281782276246702e+01
2.404584206276699376e+01
2.311637931377876853e+01
2.220725716790508031e+01
2.266390550102914858e+01
2.380549524425587649e+01
1.974442851297971302e+01
2.206080106487948456e+01
2.217013914809386321e+01
2.159215078579661551e+01
2.196233615512760551e+01
2.252237176013814945e+01
2.258488417482317345e+01
2.570036864620576367e+01
2.429893639224241397e+01
2.185434454328485288e+01
2.311423915721868028e+01
2.181209878598390617e+01
2.061687978112862041e+01
2.482646087739133733e+01
2.330064560316814948e+01
2.172642798792405117e+01
2.454202151941752419e+01
2.268611731475046156e+01
2.243845226359162481e+01
2.407163406616510315e+01
2.306483229844512906e+01
2.465167283760731820e+01
2.526656461297554301e+01
2.358520843101383946e+01
2.466437354217742595e+01
2.286384936007005564e+01
2.208310357732881357e+01
2.325062643278289443e+01
2.135322656535530328e+01
2.239053304238685627e+01
2.078535837009887643e+01
2.374118270230116323e+01
2.145000623434915354e+01
2.136302850702441702e+01
2.440523147403887094e+01
2.219690756588767400e+01
1.834100461147814798e+01
2.125152135675667964e+01
2.289891630184634863e+01
2.441454118886520064e+01
2.096777194911511089e+01
2.146741726972671316e+01
2.282879706415941712e+01
2.521924595295515203e+01
2.402954920871306399e+01
2.238639167082995129e+01
2.064254148308523540e+01
2.482896120885080649e+01
2.425676668517164103e+01
2.436882637271411767e+01
2.376549465561004482e+01
2.267586916181513246e+01
2.095430227724819616e+01
2.233826839833056610e+01
2.514444582455040589e+01
2.383505256965873897e+01
2.101297066140461922e+01
2.261038650986300169e+01
2.241055826065712964e+01
2.229567092164900188e+01
2.087778196239407080e+01
2.494244873503843252e+01
2.288191836830434411e+01
2.473406331235896261e+01
2.397721067729235855e+01
2.530105237065997414e+01
2.089980306474087612e+01
2.423929822921466837e+01
2.498776092542274441e+01
2.094762661490757338e+01
2.423213175950420606e+01
2.444929646347248919e+01
2.266413033265684263e+01
2.440034229305766900e+01
2.100181603011153442e+01
2.262441875548966053e+01
2.239579574459802558e+01
2.115338458173097891e+01
2.265875257617908289e+01
2.391551384054554319e+01
2.388774466731871726e+01
2.102359279766315936e+01
2.371500226929752486e+01
2.361660342901855003e+01
2.308128897262358592e+01
2.087362463732307916e+01
2.458386957630927228e+01
2.295964389357575897e+01
2.046474935208774681e+01
1.759435067747287817e+01
2.336051323070378061e+01
2.291927738194641861e+01
2.329154259940904836e+01
2.623691896471526874e+01
2.354804893405128396e+01
2.265135063602043886e+01
2.436872764407263858e+01
2.292529170991800669e+01
2.617622217597617507e+01
2.292849407295764763e+01
2.244519039953062389e+01
2.418623707534321809e+01
2.145880693194820665e+01
2.245000538326015160e+01
2.255688737904941732e+01
2.341097988872965274e+01
2.366398338355877584e+01
1.996071489038491364e+01
2.417056228227287207e+01
2.500722506609618634e+01
2.381732646889854266e+01
2.366627373159522563e+01
2.080327704715698545e+01
2.368289570777924169e+01
2.408308867784612772e+01
2.274312451712710725e+01
2.346550341380390137e+01
2.226881388975013820e+01
2.173160751086983566e+01
2.489899421702495275e+01
2.358883400478847392e+01
2.226801102008362321e+01
2.250872359624057495e+01
2.275150036247308805e+01
2.200453547513545871e+01
2.181049596484037778e+01
2.257095343169356028e+01
2.412893944674209123e+01
2.125508821146565097e+01
2.351926618956380111e+01
2.296442283865054179e+01
2.222558216222791216e+01
2.274219846052041660e+01
2.233120298784676194e+01
2.354468466505578661e+01
2.067907364038194018e+01
2.216409238983844787e+01
2.371989937673441773e+01
2.369668331419941865e+01
2.167775843073584952e+01
2.312022547279288887e+01
2.390156692448296383e+01
2.201413588138909461e+01
2.265095940060174584e+01
2.273878802068404426e+01
2.384831145834738564e+01
2.372655919211817732e+01
2.531875362623956960e+01
2.251710491193937358e+01
2.179882482796631393e+01
2.009779097793789049e+01
2.310615194393757221e+01
2.212297869718823762e+01
2.182050886980559667e+01
2.277350671295892326e+01
2.427008954155761344e+01
2.634125102914228478e+01
2.187431459647315179e+01
2.363449977098318300e+01
2.442197789319585155e+01
2.516709053678838970e+01
2.184622807310062598e+01
2.216570157287176457e+01
2.180144342561197490e+01
2.374972960656710796e+01
2.200007916881308034e+01
2.056505540121852960e+01
2.323781785372433006e+01
2.066353692582774926e+01
2.033069134011648771e+01
2.079457989147110908e+01
2.437015306566945583e+01
2.276074837199116274e+01
2.666550046228248760e+01
2.116112927878934258e+01
2.048710966498178365e+01
2.437034810836678389e+01
2.589775660301350513e+01
2.499149587571394093e+01
2.462786208839586521e+01
2.216360228955695533e+01
2.201769832622590073e+01
2.317191812223426339e+01
2.241533738065394843e+01
2.410943596980792591e+01
2.078047347334063133e+01
2.098701603759128531e+01
2.356012423629326236e+01
2.190527081761000616e+01
2.345398864419878748e+01
2.513886718711879098e+01
2.338153464911503576e+01
2.429606711149727261e+01
2.225946455399383694e+01
2.496572198111785923e+01
2.128538792580707550e+01
2.343578896733905736e+01
2.367591138946367124e+01
2.730282072948556404e+01
2.174231479641599663e+01
2.350375675963405442e+01
2.491869754233863077e+01
2.270985477558468446e+01
2.444771089675012377e+01
2.416636753310662655e+01
2.320074716480415589e+01
2.296058033155666323e+01
2.278874777271799701e+01
2.486204610821090100e+01
2.353302202813529931e+01
2.439957362019689313e+01
2.438432625638240125e+01
2.190574517866868831e+01
1.997755094254712205e+01
2.420351059205867728e+01
2.393351227607868381e+01
2.079402870110594037e+01
2.225868808518299957e+01
2.373874763338149663e+01
2.264424996684945057e+01
2.255648695465364639e+01
2.118769681204858202e+01
2.161677317252423691e+01
2.480342716666938330e+01
2.248712782527381293e+01
2.493361087339531679e+01
2.026623302691318429e+01
2.252269491828675640e+01
2.324715336988826664e+01
2.354185175339750558e+01
2.389992481960947046e+01
2.442680265456354505e+01
2.447819406854979718e+01
2.402395356675187799e+01
2.335268289792646712e+01
2.249223365692991194e+01
2.230994824195341053e+01
1.974692058226685631e+01
2.307432200716425186e+01
2.397767855292944716e+01
2.077718154619884672e+01
2.249637339190165619e+01
2.377442931563025752e+01
2.156461200548632107e+01
2.336218057315360142e+01
2.295222229395857738e+01
2.303399074648288192e+01
2.519429204684954016e+01
2.330587234168199728e+01
2.441359021643783578e+01
2.305030612494976694e+01
2.154315954587664805e+01
2.238371479793299557e+01
2.499352269364724677e+01
2.507686425952687870e+01
2.281907896322517715e+01
2.408209623941289124e+01
2.298316238071677375e+01
2.250133362729631870e+01
2.438664358148736255e+01
2.137224106804230672e+01
2.273731361660864536e+01
2.004080612195008726e+01
2.437474729706642051e+01
2.454121693520020386e+01
2.282890468242628756e+01
2.283554468632713252e+01
2.272189593096753057e+01
2.249284076383835540e+01
2.094001215877331390e+01
2.302847694718756699e+01
2.340937730768586889e+01
2.000136221484127219e+01
2.154337726647836249e+01
2.312784384355547473e+01
2.149339357950039187e+01
2.200743704940714096e+01
2.326693295859766408e+01
2.352696765371833365e+01
2.359065692815039483e+01
2.094608780026121053e+01
2.503970996234565050e+01
2.173324324383439077e+01
2.629985534161288996e+01
2.207645732467289434e+01
2.122494542397735628e+01
2.441741669619546329e+01
2.205484605055498548e+01
2.378845650021438018e+01
2.536119117205425866e+01
2.234175986892322996e+01
2.295905268014300660e+01
2.209471877074508228e+01
2.176192895651478665e+01
2.061217053936307764e+01
2.158559904949277097e+01
2.120817187850447283e+01
2.540072688755752495e+01
2.394805943907431711e+01
2.245118701476934575e+01
2.244003959403071846e+01
2.121558352322088226e+01
2.255526179764797590e+01
2.269429661202672577e+01
2.143915022004813764e+01
2.460482202374560146e+01
2.292395944514606043e+01
2.743788691776421729e+01
2.389604246957103584e+01
2.633084407373991098e+01
2.447945437139899738e+01
2.218020107011890474e+01
2.333306591364890892e+01
2.280359573818323682e+01
2.203848606683687095e+01
2.065243260900697919e+01
2.262264708896423571e+01
2.378929994803722181e+01
2.177005050610349812e+01
2.215371805965752827e+01
2.176740349474823688e+01
2.558776059918298174e+01
2.109952011189542631e+01
2.329006004975669342e+01
2.181956930618183321e+01
2.485060038988787312e+01
2.277207503445155368e+01
2.310653236413739009e+01
2.465639987680966883e+01
2.159584845796146269e+01
2.189649688173922826e+01
2.191470234862526567e+01
2.267045006293129461e+01
2.337013321767164697e+01
2.118917951640813868e+01
2.258987521793850917e+01
2.230731676701851640e+01
2.237409845424280874e+01
2.586171589814793137e+01
2.269882143734436752e+01
2.425236654399892089e+01
2.212186288885810725e+01
2.427307404372497857e+01
2.552533547907349032e+01
2.541302345431094878e+01
2.454776275265387753e+01
2.287040071622038440e+01
2.336039476200977205e+01
2.472168476749109800e+01
2.258499647524931220e+01
2.234029332261385647e+01
2.121585921994153878e+01
2.336733982632448559e+01
2.408040097868175522e+01
2.533254005179011870e+01
2.298905595716811234e+01
2.303407914107220122e+01
2.362196000107048377e+01
2.300051362881567130e+01
2.096818356348603629e+01
2.510255585430450154e+01
1.954419582469694916e+01
2.409007318157756572e+01
2.394642608400839023e+01
2.455864122467523458e+01
2.525048334274546846e+01
2.545036116952567795e+01
2.253639707451605645e+01
2.324156662718335298e+01
2.177633445195603912e+01
2.270012114518047497e+01
2.298373243101115904e+01
2.222976178204733699e+01
2.565790880506523663e+01
2.206186935608833366e+01
2.270234040045193780e+01
2.584761449120024324e+01
2.456124436833477986e+01
2.512436459440562331e+01
2.390327398469952414e+01
2.032317563199178068e+01
2.201272337280444802e+01
2.477003496621197343e+01
2.301302452242863339e+01
2.360235980624201346e+01
2.353851203526514624e+01
2.184555967569595936e+01
2.217098419527919972e+01
2.364932082636787314e+01
2.370771343144738807e+01
2.324144232543644506e+01
2.520755273200210667e+01
2.472328949674066934e+01
2.407907101675137795e+01
2.488991305376498531e+01
2.152189267854072341e+01
2.289839734767916823e+01
2.279882861790176563e+01
2.150557127486505138e+01
2.368800917793859284e+01
2.303529021360508366e+01
2.572287251008927811e+01
2.277584753415641217e+01
2.711433159818103533e+01
2.282163027379241882e+01
2.225113041400124203e+01
2.153953636202703237e+01
2.294555394218475897e+01
2.581457051126597335e+01
2.517360460836074054e+01
2.218682702220335656e+01
2.271997918878521361e+01
2.198744595342473573e+01
2.236759948901882566e+01
2.510267484750387723e+01
2.002830011808234545e+01
2.140880275535065280e+01
2.490693839224923778e+01
2.229420091889353728e+01
1.893239008045346949e+01
2.278343915288026622e+01
1.978824372416317701e+01
2.324271447168120375e+01
2.210657560240735720e+01
2.340805117026047455e+01
2.568937771401661507e+01
2.107261256677859507e+01
2.468835170512014798e+01
2.271337711496800083e+01
2.460908272150242482e+01
2.149103785768917518e+01
2.094953310723788675e+01
2.176307477801152146e+01
2.148384094478256756e+01
2.119295071406232367e+01
2.215995479713032879e+01
2.512246866094961106e+01
2.099994079777503941e+01
2.370756025500081776e+01
2.312652610416380483e+01
2.119827659099571449e+01
2.386588833367438056e+01
2.560984278550412796e+01
2.351383400591484119e+01
2.391731737323536322e+01
2.573061835549896159e+01
2.247375817737310655e+01
2.331513861908991103e+01
2.595247027847978671e+01
2.172502559375730513e+01
1.919906871566886863e+01
2.223074542102803974e+01
2.291929153616579029e+01
2.393363589029030791e+01
2.226310591312935472e+01
2.561162483069103857e+01
2.441667322469881540e+01
2.594723883700615730e+01
2.279228015315332101e+01
2.252129689841552818e+01
2.075292491164159259e+01
1.960502174242518691e+01
2.446294553110328351e+01
2.068748492400422023e+01
2.269412717721768047e+01
2.110121138104492289e+01
2.323370164191358000e+01
2.311588223156031674e+01
2.358935354675549334e+01
2.409223053875287945e+01
2.250628998667352576e+01
2.011093157225633732e+01
2.259197792387281112e+01
2.559191789184525234e+01
2.337766798733587237e+01
2.335922370349550903e+01
2.401347560991790075e+01
2.518824392248184552e+01
2.223529442730201922e+01
2.229510467935784845e+01
2.476292246325464319e+01
2.154544314501951519e+01
2.635423361501734618e+01
2.103481607197332792e+01
2.090895107044686796e+01
2.411907071735326014e+01
2.452645364225083924e+01
2.369611645719728799e+01
2.460510708897450272e+01
2.311139049662638101e+01
2.139057209204533194e+01
2.634784517670031789e+01
2.090342052704069076e+01
2.427313655407715487e+01
2.188949579196526329e+01
2.256807810760637523e+01
2.526827392946364981e+01
2.434907461796233719e+01
2.373502689418049272e+01
2.317012423159089707e+01
2.511076382517356009e+01
2.384091566072268620e+01
2.453749490537761702e+01
2.195676051898480452e+01
2.301734017018452860e+01
2.436033168025441498e+01
2.350994760597788868e+01
2.289333752183570780e+01
2.696643699836799968e+01
2.348866514500722502e+01
2.248442331069218980e+01
2.047920713026217854e+01
2.204586395235311613e+01
2.464143213734478977e+01
2.536754777259889693e+01
2.355598795242801557e+01
2.259381774720525371e+01
2.143826306679463656e+01
2.363065427335942559e+01
2.152929071911727021e+01
2.203611649046881027e+01
2.182297488977055977e+01
2.032965332285191096e+01
2.363207708482377001e+01
2.053244386463646265e+01
2.422465662420777122e+01
2.325488449693246906e+01
2.023545009639296666e+01
2.331351267826698859e+01
2.086948912451442339e+01
2.451254159670608246e+01
2.120054828373201161e+01
2.410587181190336636e+01
2.226818567890100553e+01
2.190278199119090274e+01
2.447767284188523718e+01
2.188569750472768405e+01
2.390401502514117382e+01
2.014927935321733443e+01
2.201942779599693623e+01
2.464032209571204746e+01
2.466086178132975704e+01
2.487829072347774328e+01
2.436476890262819239e+01
2.140449676733638285e+01
2.231850855317590643e+01
2.338176556431430697e+01
2.163535928886230053e+01
2.402238585780342106e+01
2.283208980322119785e+01
2.504190131676441311e+01
2.175992426508469180e+01
2.217427421256462594e+01
2.307002288543375812e+01
2.594566267913145197e+01
2.262852242721841023e+01
2.060230022824021745e+01
2.359708632040642584e+01
2.144910197577629418e+01
2.290766156517141283e+01
2.522003354232101557e+01
2.071646291442709753e+01
2.183426028730047008e+01
2.305453424488522174e+01
2.468817357614143759e+01
2.099679729081936941e+01
2.314265577533803864e+01
2.003293582762749381e+01
2.403730458161228967e+01
2.088715913942744962e+01
2.252940657532005986e+01
2.201350641041429768e+01
2.102287923079106946e+01
1.914100098440892239e+01
2.007595098977178694e+01
2.242803059856084147e+01
2.235595307326520498e+01
2.447113847917966112e+01
2.438030993772648358e+01
2.383016147353590952e+01
2.350313134319322472e+01
2.356170835062670932e+01
2.310466732639782705e+01
2.140687417366397227e+01
2.285507002076356287e+01
2.429883436587123668e+01
2.244193000447944897e+01
2.381239163936941239e+01
2.460365218233910056e+01
1.907167229433720834e+01
2.263887670759348580e+01
2.090363521912774303e+01
2.288666789208810926e+01
2.459066667222107938e+01
2.159315241289736420e+01
2.448972533153299125e+01
2.578179336473708005e+01
2.603039247331823702e+01
2.113929261668137016e+01
2.423033591854126811e+01
2.221389438117085291e+01
2.311348432570854072e+01
2.117147100215783340e+01
2.320801567076040328e+01
2.189512487283977649e+01
2.429491532322563074e+01
2.499048952635949306e+01
2.228059355732325031e+01
2.319350975880781363e+01
2.433628892052732340e+01
2.325107651794296615e+01
2.264283739766355197e+01
2.145753813814308941e+01
2.154846520146275068e+01
2.502936456137020116e+01
2.324425912806715644e+01
2.358602191712537888e+01
2.408027457056966014e+01
2.421406578256911502e+01
2.302968417584640193e+01
2.284593359890472897e+01
2.075854625962096023e+01
2.235476832690426718e+01
2.440606959485124605e+01
2.163412397409299714e+01
2.366352024131671428e+01
2.390462522015597457e+01
2.241571934896060725e+01
2.203274148371447794e+01
2.348981228125916587e+01
2.621983989517115532e+01
2.436998409563916468e+01
2.095116395741007054e+01
2.095204149612400357e+01
2.392989171978410923e+01
2.173922807437511295e+01
2.284404609550948706e+01
2.176546015776990473e+01
2.176569706848077246e+01
2.163014281966212948e+01
2.317565653463965702e+01
2.351154219556688929e+01
2.177035165577653686e+01
2.649830679944018286e+01
2.307136155734944793e+01
2.247157419929845545e+01
2.441107568183657861e+01
2.279772547404897409e+01
2.237112954603809811e+01
2.333793052556865177e+01
2.210746845993481813e+01
2.233278713423381490e+01
2.394035811539632519e+01
2.438158129914873840e+01
2.350256107103648517e+01
2.211996427163058954e+01
2.554428300940596586e+01
1.869047064014551296e+01
2.419635730469764923e+01
2.339622703588082686e+01
2.166295717298723034e+01
2.449155488417823889e+01
2.328875388123275414e+01
2.436018454096561214e+01
2.083680360777189122e+01
2.269899003222369771e+01
2.020071541057941644e+01
2.302184722150037999e+01
2.226841005093509906e+01
2.447653670186437580e+01
2.214063814126288321e+01
2.178305513799751125e+01
2.240221144914686846e+01
2.546733173274807172e+01
2.212715692636198028e+01
2.466730982577295705e+01
2.128999446959027253e+01
2.301295254006010893e+01
2.300453365734905731e+01
2.121610668548012768e+01
2.218961483537968249e+01
2.524397772599801826e+01
2.288013236922883564e+01
2.285794152653804545e+01
2.291963375288725402e+01
2.236298323389014797e+01
2.219876600450466952e+01
2.196789783583338362e+01
2.245663236230405246e+01
2.451107374504293546e+01
2.550917231125245621e+01
2.239504546787646078e+01
2.214536073107742453e+01
2.223001716237059000e+01
2.524263321036537633e+01
2.322150029977835217e+01
2.526809151812383902e+01
2.350978951318496613e+01
2.347830113075950109e+01
2.082241304964503570e+01
2.365128279617689699e+01
2.288534769252344603e+01
2.334684616524021195e+01
2.345540006825549995e+01
2.297514208384535550e+01
2.091542211203292467e+01
2.443915464253368697e+01
2.247649815434396459e+01
2.453475394899735562e+01
2.170793707207560885e+01
2.198556942004510972e+01
2.139905083325801272e+01
2.462550149722917325e+01
2.353973054936490072e+01
2.424991826063263645e+01
2.489298970648255960e+01
2.203004073069614677e+01
2.295350117738760076e+01
2.461202489957426209e+01
2.375743116626516027e+01
2.269811352808458693e+01
2.022271152382788273e+01
2.324284837062610265e+01
2.087780177088635014e+01
2.245247001729721603e+01
2.031407203942311668e+01
2.350878873555808113e+01
