1.518715703784894622e+01
2.055621423435540152e+01
1.812562255802330924e+01
2.102720444247669107e+01
1.252600879561581415e+01
1.655433401537280602e+01
1.630691516114456263e+01
1.784970920551208806e+01
1.323849410666757720e+01
1.001716322485156674e+01
1.445795558094828870e+01
1.702188829736698494e+01
2.123640170295927732e+01
1.617936117021217513e+01
1.654984039890413072e+01
1.270118232877740283e+01
1.493745393263601784e+01
1.966782050436302853e+01
1.825109087586173118e+01
1.466951616990644602e+01
1.325219152487695240e+01
1.686066195042266003e+01
1.981388281884622060e+01
1.459929213033544571e+01
1.133864224631439299e+01
1.012877988678750185e+01
1.632726707728814475e+01
2.023580848208411354e+01
2.224381465486973397e+01
1.572847786817256122e+01
1.714770665396601146e+01
1.570405357310968242e+01
1.075748897017718875e+01
1.473510191892392562e+01
1.675678731602087268e+01
1.054557804626693596e+01
1.790643035897650392e+01
1.901407021190911095e+01
1.689319607532882372e+01
1.850393586917127564e+01
9.246068085232151290e+00
1.803010957439112971e+01
1.714731816177531698e+01
1.572552706215730289e+01
1.957915053605682942e+01
1.759732755007178184e+01
1.734243954845779356e+01
1.052751214069502339e+01
2.062918210524170703e+01
1.105669603162802161e+01
1.715200821674879350e+01
1.385996679300296464e+01
1.790828506910354179e+01
1.048291609837205485e+01
1.108433700962940627e+01
1.382890162223624131e+01
1.398458767344139275e+01
1.887235675731049156e+01
1.629960134993123688e+01
1.477525052418004137e+01
1.808126104363462261e+01
1.534289783251162831e+01
1.194298384331310103e+01
1.076168545856431535e+01
1.901690665683268833e+01
1.434904260272327114e+01
1.642701345344271147e+01
1.393131375846648723e+01
1.658381754196710745e+01
1.350378940392703342e+01
1.374789531870887060e+01
1.733679054834012945e+01
1.248727265367907258e+01
1.195996500106116223e+01
1.605079009985352911e+01
1.082538107768859703e+01
1.413856186431785922e+01
1.871744631297544359e+01
1.600886793185765455e+01
1.523988872587894505e+01
1.820366846350213663e+01
1.702427569749674419e+01
1.147476419190815378e+01
2.115995948854815012e+01
1.714088243284695068e+01
1.337865180929095921e+01
1.405474810368561300e+01
1.604475356796936225e+01
9.255014783587851568e+00
1.146583872764292522e+01
1.610722135988975268e+01
9.591312818541478435e+00
1.535222143051127830e+01
1.591412329042316642e+01
1.104691091854789242e+01
1.532588963433227747e+01
1.519660453956422508e+01
1.478172732241632836e+01
1.104797307890788893e+01
1.284069150245745128e+01
1.317013829035394146e+01
1.833644540230516284e+01
1.141607919659718107e+01
1.999597996491375795e+01
1.476975351259528324e+01
6.440787905084456533e+00
6.334311414627142867e+00
1.740243276996977784e+01
1.341813609447175359e+01
1.722690075170473634e+01
1.491913582993631060e+01
1.144962304004120135e+01
1.058476943550967420e+01
1.326662022244718386e+01
1.533964128585708586e+01
1.636814291935067089e+01
1.808149445839638858e+01
1.859801095439836160e+01
1.341445888376008533e+01
2.003952459993013946e+01
1.419605655659312760e+01
1.012793260816160767e+01
1.328826955539481958e+01
1.509755334449839026e+01
1.166058742515741642e+01
2.121149127245050892e+01
1.490597901805689673e+01
1.401883472687195109e+01
1.868541206839751112e+01
1.256872019801401663e+01
1.457146443434756300e+01
1.072519647466753767e+01
1.127095832043180579e+01
1.662656652821390324e+01
1.862855232238430503e+01
1.625628518689262592e+01
1.213218835421091413e+01
1.203654975969366703e+01
1.205297266494517139e+01
1.622872940964413502e+01
1.463227604393101089e+01
1.374510357218847467e+01
1.710970905052943536e+01
1.021386685633576263e+01
1.452656503972639790e+01
1.636976429161570934e+01
1.612355990314798149e+01
1.453371721485223667e+01
1.838936444072628262e+01
1.139013287558645970e+01
2.029539799815878354e+01
1.598408555881809434e+01
1.185971134154528350e+01
1.225393008289797336e+01
1.360814188238825295e+01
1.538101352793769117e+01
1.557138377106640270e+01
1.818992182604385732e+01
1.882643692394600876e+01
1.337008838055986004e+01
2.253708059628569060e+01
2.005632830176086046e+01
9.476839237073225064e+00
7.829644189333921922e+00
8.908385342445487964e+00
1.599453941601277052e+01
1.147115014093356500e+01
9.314377715114513734e+00
1.367071355846998948e+01
1.281421556807316087e+01
1.127555781988368366e+01
1.304717321811018316e+01
1.676302076145204722e+01
1.056854661366959469e+01
1.491946615887812122e+01
1.515499866303951748e+01
1.278038237931464671e+01
2.035158287129657850e+01
1.426515091799665846e+01
1.498109188150026583e+01
1.272345642430035006e+01
1.293972543958050281e+01
1.448941155111161017e+01
1.183206836891551994e+01
7.437987661680577567e+00
1.306715201932377823e+01
1.350405658513952289e+01
1.277826695639384447e+01
1.800843978654678779e+01
1.815975375032378736e+01
1.109959139852225007e+01
1.880602897491591463e+01
1.188404908920512071e+01
1.838077827773629380e+01
1.633073201678093866e+01
1.384013952593272023e+01
1.743478332447774903e+01
1.762630082185295066e+01
1.566408438134125269e+01
1.697019928708106207e+01
1.856256129837309388e+01
1.959163375110757244e+01
1.073026370459863621e+01
1.370788796144096544e+01
1.827747126150655532e+01
1.691054554306808200e+01
1.559255317413684239e+01
2.144787026702384836e+01
1.766640065866078402e+01
1.192793487315834433e+01
1.218141069910596030e+01
2.074058514802275255e+01
1.493402353935113069e+01
1.245659358904803860e+01
1.068016174039779642e+01
1.591044046153506741e+01
1.870222804607849554e+01
1.983842577920787420e+01
1.367963643289323805e+01
1.919555358561661151e+01
1.253334002972274952e+01
1.397436109174064711e+01
1.322739864781267016e+01
1.352231201786463899e+01
1.264042278669935371e+01
1.424014209111998319e+01
1.227854438910084234e+01
1.356912436777934516e+01
1.286657684180963557e+01
1.566708715722339562e+01
1.389579901534293249e+01
1.297199001414196395e+01
1.738085510520860311e+01
1.594043194454413737e+01
1.442814931652100086e+01
1.215824945330009932e+01
1.055760546623742258e+01
1.389176681951810188e+01
1.693204424749489689e+01
1.403822102309644215e+01
2.049771402196270742e+01
1.521631935777327804e+01
1.052251700570049486e+01
1.535202519907786112e+01
1.756322813030583418e+01
1.356772813742372996e+01
1.282720344076788876e+01
1.213070911582290634e+01
1.524136455468852525e+01
1.257013502450377906e+01
1.273763028126045960e+01
1.654318355661341755e+01
1.376333209765070364e+01
1.086851876138984174e+01
1.493723211703238718e+01
2.189269245366738303e+01
1.701547791979022151e+01
1.884596396632204218e+01
1.052933894269275505e+01
1.215192287698781826e+01
1.136888608940002499e+01
1.484204737532042095e+01
1.921453725361400444e+01
1.254415187760406347e+01
1.569615128230644352e+01
1.015905599279064297e+01
1.383491274946517002e+01
1.604708407478363696e+01
1.786399146340720634e+01
1.650969145435748686e+01
1.168613660415963729e+01
1.444362889233866554e+01
2.193723572003835187e+01
1.089780911370145766e+01
1.465605569180538303e+01
1.209570565052107760e+01
1.412930968188136838e+01
1.529159275075465274e+01
1.430963092735741959e+01
1.382602832930342629e+01
2.112704681472046531e+01
1.668054109661999718e+01
1.269254848743400110e+01
1.723608846148971807e+01
1.409895592740107872e+01
1.450585369152209303e+01
1.558207503407360406e+01
1.495886467305160217e+01
1.067214467054044569e+01
2.024654902652338961e+01
1.223822820960814362e+01
1.386894105906112351e+01
2.088051090156785961e+01
1.331413349147562997e+01
1.749718453601524004e+01
1.808518769413775473e+01
1.396160088524631782e+01
2.089085942839314214e+01
1.640721660629343859e+01
1.197128789109593860e+01
1.420247011473249721e+01
1.025537511529365453e+01
1.424986139765254123e+01
7.999963791113732015e+00
1.745310112870691910e+01
1.105935099031698421e+01
1.577697906674779205e+01
2.090833078022742342e+01
1.050563296916653577e+01
7.488099254963588969e+00
9.505847895110589363e+00
1.461026575302980746e+01
2.014838056271865696e+01
1.141501496412808514e+01
1.252284659743869177e+01
1.741817501558093184e+01
2.115710294807869829e+01
1.836264748461877616e+01
1.616162324941412010e+01
5.570368719040267536e+00
2.046158424739852322e+01
1.957827006062206010e+01
1.849063048707132495e+01
1.677270913017182608e+01
1.450147372423926839e+01
1.072338803717416411e+01
1.164939851611165444e+01
2.083124490662455131e+01
1.275589004800457182e+01
1.175153667471399643e+01
1.719689743483959532e+01
9.798415822633863570e+00
1.650874091216346784e+01
7.865804621124564022e+00
2.022503566238368222e+01
1.773154911545661605e+01
1.849308645860407907e+01
1.683768179264606601e+01
2.183383242754061015e+01
1.464814178827369773e+01
1.706282952238468553e+01
1.739457095652375784e+01
9.634976714906517969e+00
1.686470823240552264e+01
1.548531911407209627e+01
1.324371502848511817e+01
1.813104868715640094e+01
1.095184152189943205e+01
1.452529604523450146e+01
1.278064988895740939e+01
1.299099564300058240e+01
1.346607864026653090e+01
2.032656272290931554e+01
1.557726639981525807e+01
9.801072874581510774e+00
1.579668484837488940e+01
1.427666737529187024e+01
1.592166537606507681e+01
8.084282631774319938e+00
1.682213924945595451e+01
1.997110196773719792e+01
1.061161093759951513e+01
4.596900246288541325e+00
2.022163033971536450e+01
1.575386349147233211e+01
1.670799706204006085e+01
1.820204076088213085e+01
1.530638019165066055e+01
1.244396152946585765e+01
1.650908344062050404e+01
1.339852094314224118e+01
2.164409137680131323e+01
1.599865764601941898e+01
1.453674266075577215e+01
1.450281709921741502e+01
1.208243953597512998e+01
1.072081314199013491e+01
1.356961191326928784e+01
1.404947612524487077e+01
1.896672811567997030e+01
1.002052211629714584e+01
1.763897125283856226e+01
1.865565886125435213e+01
1.354345320619763982e+01
1.534106783724467071e+01
1.092798694030600082e+01
1.538717464350093245e+01
1.865276440978734485e+01
1.427859722786069163e+01
1.537682135716619669e+01
1.731639330247412190e+01
1.213087789717654630e+01
1.747126008350743120e+01
1.918050328833659890e+01
1.815278043828564236e+01
1.635340855649452507e+01
1.341378197222367774e+01
1.257740618733299698e+01
1.057434637652206000e+01
1.672387861103127094e+01
1.768141688586586824e+01
1.371007298203144487e+01
1.655916962844899132e+01
1.279102277637270468e+01
1.004946771030140873e+01
1.292655196422784414e+01
1.226652960933435565e+01
1.795602950204205328e+01
1.075231569550707711e+01
9.917971946437113218e+00
1.338363332682476603e+01
1.501972052831095894e+01
1.596649769479377667e+01
1.565142226733875574e+01
1.449006997979214439e+01
1.197537375966986950e+01
1.479040742002048070e+01
1.581378481734201813e+01
1.432023571206764956e+01
1.786339980254297899e+01
2.021260833143588087e+01
1.178290391282942906e+01
1.436651210914868493e+01
1.045962017340473160e+01
1.507948014783834800e+01
1.375682672636492221e+01
1.509051435175687850e+01
1.562321703205867784e+01
1.593467060493782661e+01
2.042685240109295819e+01
1.404519996921855451e+01
1.530427275387950559e+01
1.677287882012115716e+01
1.609699933914557235e+01
1.109032748077247632e+01
1.506658107521053402e+01
1.162927893717731465e+01
1.671030523801587719e+01
1.069333642823193919e+01
1.087162009623489745e+01
1.423868068837346001e+01
1.293138199245053599e+01
1.129713994621857509e+01
9.574184401854322957e+00
1.626059315306219588e+01
1.551730898505274858e+01
2.133223555396680382e+01
1.131511156162559040e+01
8.475063239147919703e+00
1.330645481732087276e+01
1.997539725116049425e+01
2.135252541062845921e+01
1.757885803726176732e+01
1.434278548254056673e+01
1.193803443166241784e+01
1.502469645431296286e+01
1.130902401619368192e+01
1.503720031923560541e+01
1.448255970138224313e+01
1.290385371846072537e+01
1.694720206691563646e+01
1.299981513876290329e+01
1.485874867154460865e+01
1.747651344762650183e+01
1.725743860820125164e+01
1.768855223687602418e+01
1.485219013680890043e+01
1.838232068536317243e+01
1.792132541347724839e+01
1.658857343826266018e+01
1.532979460685371009e+01
1.882159138969536016e+01
1.507126243112772279e+01
1.858821429513551493e+01
2.095085421747121401e+01
1.258807200774555923e+01
1.758519147246497738e+01
1.836689755710800043e+01
1.515123782135799502e+01
1.556810694914948456e+01
1.450980944465090339e+01
1.840673745720965826e+01
1.447624930227670070e+01
1.778508849752537557e+01
1.560355980614141735e+01
1.267805168938124716e+01
8.745670895280202473e+00
1.793417287084682243e+01
1.711451686838346831e+01
1.007838903561201782e+01
1.515699397746496935e+01
1.722040884764309965e+01
1.780169152856085191e+01
1.529394385108012244e+01
1.422352434773967644e+01
1.100994834189762095e+01
1.757461628382703722e+01
1.437361946915098976e+01
1.756918531491508162e+01
9.138262020649285944e+00
1.730779167025830745e+01
1.399337352937100043e+01
1.021280601843694846e+01
1.711132908485974724e+01
1.507465929186237297e+01
1.698469696798715844e+01
1.444978958365480537e+01
1.572447868775869573e+01
1.773998935911838970e+01
1.342039485088739426e+01
9.082962421862220026e+00
1.473067113217445723e+01
1.460768658226156624e+01
9.945169253319038560e+00
1.436366233308834772e+01
1.263232868257875197e+01
1.281653200328203823e+01
1.503271645930841949e+01
1.201118061314894447e+01
1.854916714304651038e+01
1.960907819074951064e+01
1.251025832807744465e+01
1.571303986681216358e+01
1.679575649752602828e+01
8.637921947569969561e+00
1.200080525341816085e+01
1.807014767762481711e+01
1.433909967863056600e+01
1.234674036830839405e+01
1.673549653851830854e+01
1.291747632723420480e+01
1.584022995742159523e+01
1.722175272686927627e+01
1.464695069275957984e+01
1.639095849346518108e+01
1.069840346231567096e+01
1.389006322682367411e+01
1.590274971446729246e+01
1.752614159610616795e+01
1.299128922958683141e+01
1.349603083148432248e+01
1.574712868525074327e+01
1.188287916627446172e+01
1.395895414439477378e+01
1.413383640717937695e+01
1.196675016415436410e+01
1.463863123802864230e+01
1.494529680575823782e+01
1.418442015324868777e+01
1.319663209189086217e+01
1.507146266402085288e+01
1.726479985098937675e+01
1.616505410738077586e+01
1.222649709244830341e+01
1.988786480743599938e+01
9.266643865551404957e+00
1.971051470266839800e+01
1.444628378389166912e+01
1.370955168120241296e+01
1.764414855899553913e+01
9.298234159851798353e+00
1.461077461700161351e+01
2.141692701058609316e+01
1.323578324756506674e+01
1.563959772368428958e+01
9.422046813699871848e+00
1.157536773782137374e+01
9.740727837665716038e+00
1.199965654520254610e+01
1.343723673191146695e+01
1.626545134934670145e+01
1.445787043257830540e+01
1.407120969316845915e+01
1.654982021688873672e+01
1.149968380539021240e+01
1.490747462482919872e+01
1.720815430576092453e+01
1.433288124787906526e+01
1.806996056635316705e+01
1.667074991577037224e+01
2.252363568953067130e+01
1.205984633414314366e+01
2.134696759935566135e+01
1.635080453036244563e+01
1.673945490705489902e+01
1.680972924756926901e+01
1.149345115466837264e+01
1.436430260667077263e+01
1.372074692534713236e+01
1.226844113932600600e+01
1.468334548362873804e+01
1.335661881539803275e+01
1.279092678643827696e+01
1.618641318785104843e+01
1.825299758134698180e+01
1.164422741042842091e+01
1.519619787208404382e+01
1.045357214446872618e+01
1.911054276881322522e+01
1.680722515978709808e+01
1.175810726955539032e+01
2.070233250032735484e+01
1.516592811300331256e+01
1.132335349206014996e+01
1.578590365983816746e+01
1.460922173492309817e+01
1.358060401748283574e+01
1.171612312000936740e+01
1.781717864144802022e+01
1.373324929713010967e+01
1.579156252001960681e+01
1.646862887069183756e+01
1.547190524274197010e+01
2.001717754374553238e+01
1.270913620945923483e+01
1.577918553732214946e+01
2.191803009990933404e+01
1.992155930139790598e+01
1.398874633044154159e+01
1.524523822274708529e+01
1.301118752852895000e+01
1.781238421794311932e+01
1.189364479163416455e+01
1.287829897189307538e+01
1.149749347012364176e+01
1.439471722747018489e+01
1.713423114782156631e+01
2.058462462452946085e+01
1.369697495127032916e+01
1.199387029189797715e+01
1.681783171181987768e+01
1.664517176615399663e+01
9.900322678611845006e+00
1.644082531572777484e+01
1.359168963288225562e+01
1.590061773890746011e+01
1.727386749486204209e+01
1.913347943183121203e+01
1.740308345495969178e+01
1.660513010232234521e+01
1.068855492265410767e+01
1.528894546844727920e+01
1.125684464485936687e+01
1.212820919861910163e+01
1.284749519180362043e+01
1.369214622559744932e+01
2.232124622703439698e+01
1.371083537261416652e+01
1.693067443280955331e+01
1.939589618511501712e+01
1.806603779699214840e+01
2.025118791743514279e+01
1.276228042026745335e+01
1.215369666143482696e+01
1.152714582357689821e+01
1.506730493623822476e+01
1.288851681191157361e+01
1.402904551658497567e+01
1.780575767897833117e+01
1.308324804466750635e+01
1.436003760865560785e+01
1.631225307402710456e+01
1.415340631490579604e+01
1.526503093065749539e+01
1.569777447622604427e+01
1.841404001457805606e+01
1.752647054568831564e+01
1.749769864482828652e+01
1.332762304969386946e+01
1.578499033896954806e+01
1.488897665738542209e+01
1.217840220549343400e+01
1.485833930361484789e+01
1.525070095815297222e+01
1.792128777328347766e+01
1.619099675172785879e+01
2.204032605972234293e+01
1.304378983120582802e+01
1.268176351167539195e+01
1.135078329340047354e+01
1.880309116447698159e+01
2.158764470234219601e+01
1.858838880412331562e+01
1.657939142308347513e+01
1.255248750558398996e+01
1.167606986155074189e+01
1.492483549911331764e+01
1.610602349694656255e+01
1.382265042877566508e+01
1.231667454123876659e+01
1.455677200327776255e+01
1.348172091698346975e+01
8.076726028345726505e+00
1.559087150716899473e+01
1.206411392392049997e+01
1.405730584102999536e+01
9.321721420535862279e+00
1.406864054904309569e+01
1.981702866805140673e+01
8.810563016390778657e+00
1.904199069334373817e+01
1.547861020850394276e+01
1.929564187939524089e+01
1.225288110581888290e+01
1.100863618296076929e+01
1.244860337914055037e+01
1.251395303242995283e+01
1.320400181963428565e+01
1.501486864343688055e+01
2.131802288303219939e+01
1.129973409274762375e+01
1.313666744114103935e+01
1.635331319509714021e+01
1.044357707297300486e+01
1.477239762506127008e+01
2.050468243674175639e+01
1.488128788422001847e+01
1.587131717391682528e+01
1.775654546697288083e+01
1.534836889463517196e+01
1.374913760801950779e+01
1.792929639748172121e+01
1.043539266878259930e+01
8.026735128189644186e+00
1.125934969080566184e+01
1.335789081310283422e+01
1.669819128427530686e+01
1.521246584862780260e+01
2.048346439068306069e+01
1.595456984035920023e+01
1.705446565348722388e+01
1.307044401014743151e+01
1.519793750261760046e+01
1.460117881597304290e+01
7.757439193678068889e+00
1.824483393083637495e+01
1.044708412725222857e+01
1.514330783455788065e+01
8.428032314105113443e+00
1.564886386792595019e+01
1.389744387218186716e+01
1.696965196968452361e+01
1.692075868921613591e+01
1.010353599384263568e+01
1.276079979741432346e+01
1.254687399551298732e+01
2.229005149952300613e+01
1.277099051314990596e+01
1.525612747198545804e+01
1.361865663557207284e+01
1.493306392949401307e+01
9.992793724583627579e+00
1.747950412435325163e+01
1.640744656342800312e+01
1.284547559125972249e+01
2.051424140483757341e+01
1.194583992752538038e+01
1.268799423708363783e+01
1.383146412483579724e+01
1.540057583539907782e+01
1.723638365088271129e+01
1.887907389075084197e+01
1.452794474111901657e+01
1.189886056339013010e+01
2.024416247078384856e+01
1.196124750706386486e+01
1.564871530133642175e+01
1.330236456601698514e+01
1.705239121849960426e+01
1.863307787411339334e+01
1.627803722287998056e+01
1.479881972322895045e+01
1.821126543438654721e+01
1.556138578372650549e+01
1.798688230551233147e+01
2.051277720426942963e+01
1.307240484099614086e+01
1.453568026592609641e+01
1.742269643232858201e+01
1.605413997848074104e+01
2.158770069275923120e+01
1.829043889235461151e+01
1.925758928349171484e+01
1.119149251870937256e+01
9.082686796727438505e+00
1.227490383855030132e+01
1.664444174080453109e+01
1.968611967409958297e+01
1.472833655597310276e+01
1.194370270986489047e+01
9.039168436123427242e+00
1.462081003269778456e+01
1.521306577489550094e+01
1.324483535915959820e+01
1.265311998033350172e+01
8.992616587518764248e+00
1.204936406061872312e+01
9.200704091026992160e+00
1.448904922193951350e+01
1.539477550279710272e+01
7.769669696600211672e+00
1.112269128733323065e+01
1.079643287779770944e+01
1.918698689040141403e+01
1.089403519134122789e+01
1.460244432870992348e+01
9.947723323218699676e+00
1.312375826356315400e+01
1.871609364390423380e+01
1.560061776021049695e+01
1.845850764443119374e+01
7.803506779999240806e+00
1.637691058924243492e+01
2.094366922602571890e+01
1.656439600177561999e+01
1.983573605163392628e+01
1.479082844621612125e+01
1.359481784040390195e+01
1.456609565703689313e+01
1.576012831717247131e+01
8.902509819227915955e+00
1.806369581462418239e+01
1.453310739918143213e+01
1.726297095116805735e+01
1.195136310987619410e+01
1.482363663011744848e+01
1.410972361456617818e+01
1.782484483447915835e+01
1.470574668572809252e+01
1.195993029655061690e+01
1.515713547047362830e+01
1.530818817304487744e+01
1.647683437844311172e+01
2.088581185215719671e+01
9.810721519206317964e+00
1.143923801782613658e+01
1.282416836606716437e+01
2.219708686680504783e+01
1.089702836403159480e+01
1.491917089991338763e+01
8.276586352114609468e+00
1.989204842602414303e+01
1.227425031718759207e+01
1.448843628240811654e+01
1.779121052165115557e+01
9.822762886135622651e+00
1.023029873503164566e+01
1.124877814733406645e+01
1.297816023926999485e+01
1.192923802028821356e+01
1.551377756899355909e+01
1.565490837057391538e+01
1.828546149611258187e+01
1.574929756424100979e+01
1.441512205984914985e+01
1.730584027326856855e+01
1.247380655998380838e+01
1.689467971637635202e+01
1.590698264175618348e+01
1.545870350605148325e+01
1.547340270548299657e+01
1.732949507848724124e+01
8.296056752248169630e+00
1.420912871300484603e+01
1.667874831326953355e+01
1.705458088043264908e+01
1.610869761158555491e+01
1.369686164762554981e+01
1.839410105429646336e+01
1.595089538095005643e+01
2.200649806139178111e+01
1.017521810615493827e+01
1.564204062175762999e+01
1.010463164581835116e+01
1.272556318311133516e+01
9.950645700857284837e+00
1.182326800866078820e+01
1.053813696358318630e+01
1.762504925453531257e+01
1.830787750409086456e+01
1.316074520307179085e+01
1.321411632331409614e+01
1.576704278885342525e+01
1.455383345141719253e+01
1.597485440534182821e+01
1.535511130458963258e+01
1.415594134245953839e+01
1.335711346344241512e+01
1.526358924587232302e+01
1.633166266791274523e+01
1.594176796983830258e+01
1.981115314665696303e+01
1.221220913105879724e+01
1.513043655534072052e+01
1.049431141253917588e+01
1.489781197249250866e+01
1.531755113916276834e+01
1.088206511539926602e+01
1.685277345477917521e+01
1.624966158797029436e+01
1.687362159119017946e+01
1.223891120289910717e+01
1.567574704547771880e+01
1.863351536436628919e+01
1.936152945817358173e+01
7.549152951837851511e+00
1.049973758386367351e+01
1.810732646608477125e+01
1.536159400183612078e+01
1.469878782071588930e+01
1.174794778056929623e+01
1.166206423428154082e+01
1.121661015918148863e+01
1.580748087792279755e+01
1.545893415104156432e+01
1.513861046774175456e+01
2.086002588719081885e+01
1.134089062997335873e+01
1.571151626790062217e+01
1.632606960921715356e+01
1.381085988257536989e+01
1.307325168591328257e+01
1.625225890736093604e+01
1.222389655516007956e+01
1.435372729356620525e+01
1.320365492048044587e+01
1.631536384409134754e+01
1.755426435332294588e+01
1.259027774085402385e+01
2.050914854029612044e+01
8.322100370345804521e+00
1.692413944684333060e+01
1.968313377846121170e+01
1.291309514179287632e+01
2.009065597753917132e+01
1.222617596954518326e+01
1.297595034816235504e+01
9.275491596551196594e+00
1.635974255104965991e+01
8.199748521962247239e+00
1.319441920190216244e+01
1.283784085568721878e+01
1.505799847774756550e+01
1.138643839844884020e+01
1.235867870667835255e+01
1.428504098379108633e+01
1.955722486912532787e+01
1.524507003551972772e+01
1.869527790306872106e+01
1.029352816173254759e+01
1.597518145489458341e+01
1.620804266178605957e+01
1.177019295673504473e+01
1.480220687226964316e+01
2.008642948260619931e+01
1.338191189839484352e+01
1.400270001390918750e+01
1.165158926616085466e+01
1.516063953062384861e+01
1.217872615674581205e+01
1.492279153127735825e+01
1.415854172825849666e+01
1.926790378892601296e+01
1.858237825272802723e+01
1.533700581491172699e+01
1.132493673813272039e+01
1.458188608156450172e+01
1.937144034272758830e+01
1.439504018050528522e+01
1.615528967894157120e+01
1.361646828976892110e+01
1.577532652561006543e+01
1.171446034697416394e+01
1.224527098861236851e+01
1.632832538228333519e+01
2.015930678278197163e+01
1.637783512770640471e+01
1.532339623390758376e+01
8.373165051029465289e+00
1.793314540165572524e+01
1.016204660997538589e+01
1.897068413560206679e+01
1.250345116863807959e+01
1.894629017241354774e+01
1.263482175176091893e+01
1.597977220096864848e+01
1.474736249164724633e+01
1.611276284501656875e+01
1.685888426504675408e+01
1.103722795384325295e+01
1.501318218620218303e+01
2.218728822240307608e+01
1.623953820394865133e+01
1.812314668015737595e+01
9.278965326942126168e+00
1.446065195790845692e+01
1.451294348013917457e+01
1.140428428922582960e+01
7.708510028768825961e+00
1.702918135079858075e+01
