2.320133966778306700e+01
2.659970400214228192e+01
2.458256467287978353e+01
2.553056397711334213e+01
2.109874599112884042e+01
2.304218091498918852e+01
2.254636212102629145e+01
2.677579039177601317e+01
2.490710084999107110e+01
2.004110429519150216e+01
2.089935696128269527e+01
2.602612195193061595e+01
2.524902094323033808e+01
2.389723466277638408e+01
2.279738143344730261e+01
2.017882554884540269e+01
2.188666037845987589e+01
2.756782680813673281e+01
2.594651913769602558e+01
2.152521382160459851e+01
2.177755274487275017e+01
2.346272502074516453e+01
2.575869851670887201e+01
2.281376558531215437e+01
2.042611462948113399e+01
2.091661435411030467e+01
2.180784527210844104e+01
2.466676119671351586e+01
2.736987152696352155e+01
2.216637244359480974e+01
2.463315361898383671e+01
2.475801905621047538e+01
2.276130234123445462e+01
2.385427698135947594e+01
2.452237046744982152e+01
2.168347542630165847e+01
2.435954439397687921e+01
2.312165299782788708e+01
2.384087695986270816e+01
2.375656264312706156e+01
1.978656460567689379e+01
2.437681003325270979e+01
2.528614309554220796e+01
2.568315495120822689e+01
2.517564843148878495e+01
2.348907765180531726e+01
2.441466942365831727e+01
2.090924604198861658e+01
2.679812496908508379e+01
2.054207196251703493e+01
2.278935636030477951e+01
2.339191977788750521e+01
2.369903736658028492e+01
1.930964964229409730e+01
2.004120735775930484e+01
2.324349700927911400e+01
2.321319882858984229e+01
2.480991439860193637e+01
2.431917412465753614e+01
2.070967678412933921e+01
2.556253547828016437e+01
2.324469400378204753e+01
2.136718686642159426e+01
2.148007524799022505e+01
2.427432045405878469e+01
2.156205730893233152e+01
2.417835736972939387e+01
2.204906830941489559e+01
2.083364420900638692e+01
2.059603913567080014e+01
2.187253915649467118e+01
2.444341678635016990e+01
2.114371278451340430e+01
2.263013833097689442e+01
2.331711405528465519e+01
1.973023805096404004e+01
2.240263583456452068e+01
2.538469344589784171e+01
2.168810417374514188e+01
2.195711199401110747e+01
2.385717292092775565e+01
2.440683473623640154e+01
2.015283079135243227e+01
2.524371864813821631e+01
2.375966344809796382e+01
2.226474049418106560e+01
1.954673905179252813e+01
2.287227627547022379e+01
2.101486597646571752e+01
2.076470054565850276e+01
2.461973021108298454e+01
2.105678195474506254e+01
2.261145016091482418e+01
2.255999520731158725e+01
2.152011549104946653e+01
2.450773106083700981e+01
2.314818311279019269e+01
2.172408804413694483e+01
1.913927600190439904e+01
2.193010238429479841e+01
2.094987292897210551e+01
2.466364774266222426e+01
2.043338434747685639e+01
2.587223831187821332e+01
2.006327417726219764e+01
1.679650336193032700e+01
1.759721280304795954e+01
2.295501238394668064e+01
2.075453531403908158e+01
2.592132502222884582e+01
2.260901194428770467e+01
2.205657863895701709e+01
1.990515352817184080e+01
2.028755135814836308e+01
2.239033613602591544e+01
2.370401605772056897e+01
2.410265675483067938e+01
2.487524863183735135e+01
2.329053630861755764e+01
2.494768956194842602e+01
2.352763363462560520e+01
1.905725472681166011e+01
2.152743503934988567e+01
2.133940946662810845e+01
2.229899057428530540e+01
2.766572374940882284e+01
2.185619481268923892e+01
2.326470061008645729e+01
2.609033320238633280e+01
2.014816176470691289e+01
2.264157121963937769e+01
1.998261911521470680e+01
2.073461341447305628e+01
2.314028902411854105e+01
2.650244157058562067e+01
2.408527745543094412e+01
2.275019192904896670e+01
1.926708710237509692e+01
2.150473405751439060e+01
2.079563681954180154e+01
2.381546902680636535e+01
2.166007067307232958e+01
2.166287147222587706e+01
2.063830835031542676e+01
2.144747798059465893e+01
2.201350087292632196e+01
2.512687119871427655e+01
2.110415880639172315e+01
2.368028132175703249e+01
2.128333000997861291e+01
2.561319767844977235e+01
2.308405885729607476e+01
2.138841143034293424e+01
2.236964260316136333e+01
2.213747414066455477e+01
2.416830671626949467e+01
2.181687761734599107e+01
2.451629510776758281e+01
2.582745624064710910e+01
2.138537364567020660e+01
2.825199532926207624e+01
2.510023209705737202e+01
2.182999129006335437e+01
1.925714331418009095e+01
1.871291053138364546e+01
2.534337837908216429e+01
2.028511561137423058e+01
2.050436317112619378e+01
2.404505698728562990e+01
2.157572409513840483e+01
2.060301372833901468e+01
2.031428503826239762e+01
2.645437669677651726e+01
2.127660533556847255e+01
2.441382832794536739e+01
2.508786493409871809e+01
2.255099033207809711e+01
2.828580489340011539e+01
2.241597461074853825e+01
2.119653610913551844e+01
2.203309507651211874e+01
2.179331947633932742e+01
2.400816429600281765e+01
2.195985247920136274e+01
1.891975497808507711e+01
2.354629361151013711e+01
2.246131065205741351e+01
2.140094221313666978e+01
2.672967014331015534e+01
2.337724379727307777e+01
2.151589370147429037e+01
2.537963405365352898e+01
2.195970440161349302e+01
2.685724386022076615e+01
2.348119938752519786e+01
2.362777499578325191e+01
2.512387644474058490e+01
2.683941192334511072e+01
2.333471585730567099e+01
2.517129408738162866e+01
2.635390765706646121e+01
2.782337451494486658e+01
2.073661645244667184e+01
2.361481600784128787e+01
2.695174522264569106e+01
2.383217543068899857e+01
2.470006184366472013e+01
2.418218837126656950e+01
2.333067103087499916e+01
1.913200616125880060e+01
1.997681644207705176e+01
2.496573918095117506e+01
2.171901921959274162e+01
2.166502828297350902e+01
2.081092782406138397e+01
2.330777052175734809e+01
2.562951995185960996e+01
2.554144726294695644e+01
2.332619849567576864e+01
2.513615485180810794e+01
2.250885826829442493e+01
2.403955139980705624e+01
2.315346910906948352e+01
2.132932336050279432e+01
2.233288951077523521e+01
2.414357574759751657e+01
2.370224828840824927e+01
1.993440959569832671e+01
2.144580220967841910e+01
2.335833079797743750e+01
2.294879278176036053e+01
2.037099867375609463e+01
2.468960649078787384e+01
2.465159331029563816e+01
2.130106425625332278e+01
2.241606411533845389e+01
2.128765593986708993e+01
2.230551206260577146e+01
2.436309202847579058e+01
2.349850581595522669e+01
2.531187163605540036e+01
2.125305716842230552e+01
2.005125226418690332e+01
2.154058096596440564e+01
2.642851929395433075e+01
2.138301251981449624e+01
2.044501553877088895e+01
2.159905558066652276e+01
2.059269883965827930e+01
2.145141477133507735e+01
2.153395444006106985e+01
2.463534469690094753e+01
2.007293168805121297e+01
2.321670683217423559e+01
2.222495552419212927e+01
2.523920581298966326e+01
2.172591084582689192e+01
2.187663758997808472e+01
2.019027333689212966e+01
2.071545803599312663e+01
2.112637803428392758e+01
2.246769265526878101e+01
2.459978987018956431e+01
2.356097492745539412e+01
2.363948137783928161e+01
2.057085972932767959e+01
2.052502482948079177e+01
2.034177347286897941e+01
2.429396322172627976e+01
2.379737638824840573e+01
2.064128417992079179e+01
2.359810140947313783e+01
2.602302228244593962e+01
1.828020874907674909e+01
2.340227595310139819e+01
2.122522222961321248e+01
2.356190804929111238e+01
2.103266411961960003e+01
2.114611738814204500e+01
2.224817394434033346e+01
2.636941422517006117e+01
2.430597352691268398e+01
2.274775844408336312e+01
2.402327526354165954e+01
2.306048679629849829e+01
2.293212405289459710e+01
2.418802350491157682e+01
2.285642292000999376e+01
2.231548550006862541e+01
2.646496490693944637e+01
2.265219435940504056e+01
2.574631220033460011e+01
2.995276195428227339e+01
2.086208885935879564e+01
2.486731470999659876e+01
2.221498943048086261e+01
2.076444204730342946e+01
2.572095134836684593e+01
2.476355572857473675e+01
2.247069750290533463e+01
2.271605114246847279e+01
2.063669335750164180e+01
2.183675135372321563e+01
1.894233219778842781e+01
2.538459908508340490e+01
2.173304497967940918e+01
2.343475583793974693e+01
2.794950585439142188e+01
2.178342743951905192e+01
1.867048850324039577e+01
2.005842173808488837e+01
2.172907311253150198e+01
2.558661698689635600e+01
2.250735695083326604e+01
2.012649420541256617e+01
2.617120809289055927e+01
2.651231148871083576e+01
2.496674293128517519e+01
2.310781604374860265e+01
1.711732946961766544e+01
2.858096355471428751e+01
2.604111341886675390e+01
2.593063584282894141e+01
2.330164122200825005e+01
2.029697147179355809e+01
2.221345918009179243e+01
2.096429078573711280e+01
2.347744623720606327e+01
2.228155708412607083e+01
1.856905407463005986e+01
2.340427472634206651e+01
1.856603176330215987e+01
2.358487841710642741e+01
1.906465017886338131e+01
2.434458511215581566e+01
2.569141297312163630e+01
2.575379155637477524e+01
2.466311892633312652e+01
2.530373726086710917e+01
2.188525607575613208e+01
2.273406827387347207e+01
2.319182082986808169e+01
2.073861474358191259e+01
2.343525633825477428e+01
2.431905215805639031e+01
2.092532041584687263e+01
2.470573815173273857e+01
2.058314328084921385e+01
2.399840730448084969e+01
2.144002731166554554e+01
2.199297342943937750e+01
2.195167875350659159e+01
2.584054336852900846e+01
2.404584281303283078e+01
1.864274009454646119e+01
2.333071154203942044e+01
2.323278532729441181e+01
2.232140256704160208e+01
1.969789103900571448e+01
2.312533871796309626e+01
2.628723199744394634e+01
1.968550489983057261e+01
1.634125979365224168e+01
2.603194518091851251e+01
2.426998455281279732e+01
2.143416089083616072e+01
2.595773275623615106e+01
2.211885534138916753e+01
2.158559197989936251e+01
2.255306710543253956e+01
2.135183657783090183e+01
2.855171218512948528e+01
2.320789909660379635e+01
2.123618885833940340e+01
2.168449850814425162e+01
2.115298628546621629e+01
1.833804644857394450e+01
2.139316835158257035e+01
2.390112821694509293e+01
2.529231804011588380e+01
1.892350836293334737e+01
2.537628176079783415e+01
2.593157047168173435e+01
2.178586468316960278e+01
2.389115172618343408e+01
2.127273563174804138e+01
2.235733163260747958e+01
2.383202122461859318e+01
2.239763278875399521e+01
2.288143784277810866e+01
2.473206543615463460e+01
2.169245373336606164e+01
2.391228560798162306e+01
2.652348222604968697e+01
2.477011074306551919e+01
2.305243321014640401e+01
2.158699009338464236e+01
2.178149143709297064e+01
1.910191584080762084e+01
2.303033087446939930e+01
2.561129503744849600e+01
2.000973515278028003e+01
2.189574244778575007e+01
2.137967055003178629e+01
2.062404707833530537e+01
2.257816849801331571e+01
2.043902678173374809e+01
2.426433764642160185e+01
1.830255386975245813e+01
2.051538412275129630e+01
2.093143956595597288e+01
2.231740524090650624e+01
2.294643496801285210e+01
2.377556605496971898e+01
2.219326723806567614e+01
2.068628868734572634e+01
2.110872063017868427e+01
2.426271091543010172e+01
2.334043233296284825e+01
2.412687251588446102e+01
2.571201341366503001e+01
2.202532018179772066e+01
2.032677185156012456e+01
2.208823321455413335e+01
2.411001898206833260e+01
2.096470837639812501e+01
1.992090660767898314e+01
2.170949782102488967e+01
2.192440763035796536e+01
2.695357872922475906e+01
2.213562933791482479e+01
2.156014694097533635e+01
2.645326866516811748e+01
2.348005123001266625e+01
2.063762249228250312e+01
2.350207638630458717e+01
2.096846243761317297e+01
2.418635947632420979e+01
1.857978505504520683e+01
1.851281612403346699e+01
2.230443757360784929e+01
2.231653691173621823e+01
1.937327740808598975e+01
1.982256775397648951e+01
2.441342556944114150e+01
2.429612488114900515e+01
2.779038969515809043e+01
1.878563572678555360e+01
1.873026961364746867e+01
2.081894206258484559e+01
2.575796506318359391e+01
2.643406609658357453e+01
2.382985215712600890e+01
2.359941899184818581e+01
2.315733649043162146e+01
2.194975303919983745e+01
2.352977094743201647e+01
2.417023407561936210e+01
2.191345470207994239e+01
2.122999614415568459e+01
2.282981898315607694e+01
2.141458552691540618e+01
2.476433841613736320e+01
2.596275875201175154e+01
2.428970586213486271e+01
2.389482854515757282e+01
2.260319406719334623e+01
2.461225052468662255e+01
2.281591819967552226e+01
2.483820346730558271e+01
2.201751031238692491e+01
2.586871988924129440e+01
2.349387205752253394e+01
2.605118245066413962e+01
2.824045938679163470e+01
2.260138731280359181e+01
2.401532642540404439e+01
2.653659811830677739e+01
2.211050439887470276e+01
2.197975934159683575e+01
2.382225040862810772e+01
2.416089290332189776e+01
2.147820218197395903e+01
2.304016405815244539e+01
2.418738701385599654e+01
2.132382290998452845e+01
1.826238356731348489e+01
2.495523600731635483e+01
2.410834127694728579e+01
1.988279159215152703e+01
2.145869981073009924e+01
2.372196309334290021e+01
2.448933186220428126e+01
2.264361442038154593e+01
2.256137587536088418e+01
2.114260579703125842e+01
2.396409249488970516e+01
2.329152884352078701e+01
2.356338091308643001e+01
1.990494130975931242e+01
2.264023923683890871e+01
2.370105603367173330e+01
2.035494848933134548e+01
2.398619697275855600e+01
2.361891512999305576e+01
2.478995120152449161e+01
2.247804092739670168e+01
2.304985950426899421e+01
2.464352573667645885e+01
2.063538073653679206e+01
2.082570484428947566e+01
2.344189276957511225e+01
2.314186303115162602e+01
1.965024790176824965e+01
2.165276726443277155e+01
2.233062606327832356e+01
2.113261577829348425e+01
2.215239306260946606e+01
2.168348381366512001e+01
2.493698381818600396e+01
2.755934915542940544e+01
1.929236214388968307e+01
2.274307236690196277e+01
2.574179255076500539e+01
2.023128319902513539e+01
2.124115406084093038e+01
2.424246726208723146e+01
2.303876692994092323e+01
1.959772357802215481e+01
2.381137226192983647e+01
2.137158282906197471e+01
2.172927728141210935e+01
2.310569066276062955e+01
2.401515618747755809e+01
2.125468132441207203e+01
2.002386693258166162e+01
2.333759506043093879e+01
2.522810164147980316e+01
2.525997453448967178e+01
2.342913203610507722e+01
2.163045020898428561e+01
2.414973884235968171e+01
1.907367891760150513e+01
2.381310560271415611e+01
2.183085447705126114e+01
1.918745814004949679e+01
2.292466263515623126e+01
2.298806318698348150e+01
2.167169867780177483e+01
2.121104591884358115e+01
2.389326460155147913e+01
2.388086709984377265e+01
2.228133074757118237e+01
1.997093646242811360e+01
2.640202306692558665e+01
1.937989435761806689e+01
2.596346014381111900e+01
2.308735859500945509e+01
2.102485535590269095e+01
2.260039746113296033e+01
2.236818645508557424e+01
2.045340843309444168e+01
2.801388891521390434e+01
2.184421633477753844e+01
2.323962522173027523e+01
1.912310385575694127e+01
2.204839983688896865e+01
2.232778334023458200e+01
1.943087601398046615e+01
1.877393009454713635e+01
2.352707766249239185e+01
2.169842046562565230e+01
2.144649682917619771e+01
2.292329150104786351e+01
2.187485407446003904e+01
2.081095004122575176e+01
2.320925356398869965e+01
2.312803180762618638e+01
2.489706543222536439e+01
2.449188942268800062e+01
2.713570891222801862e+01
2.111374607078131405e+01
2.659768292366678466e+01
2.445101091575561725e+01
2.361874747545310527e+01
2.457055445573111285e+01
2.124382420622709944e+01
2.206520426393282008e+01
2.014058469859015688e+01
2.091059798377193246e+01
2.143811771237676211e+01
1.939087296742756195e+01
2.015925621038172011e+01
2.167453485819102355e+01
2.430079829357659094e+01
2.130681351517713296e+01
2.272609637099060009e+01
2.056070671830494945e+01
2.570691343086888025e+01
2.112026158711514867e+01
2.186634839842357891e+01
2.483326035898354078e+01
1.968717451949078878e+01
2.168266764956819515e+01
2.258259505493224140e+01
2.398212088854446478e+01
2.344764812708310942e+01
2.169609524066324724e+01
2.354161914200290795e+01
2.166337517205548124e+01
2.048007619784276656e+01
2.298060896161058153e+01
2.257322575563477329e+01
2.578103574896658401e+01
2.259558561150554823e+01
2.322042601359984815e+01
2.878193108118730947e+01
2.628317704059279691e+01
2.139578940502110882e+01
2.273194290758346625e+01
2.350500648203711762e+01
2.588701697656177103e+01
2.162070777682545497e+01
2.314532102004559633e+01
2.036890614767216334e+01
2.288286200891883482e+01
2.420464781269722820e+01
2.413056006199555270e+01
2.210786897774429249e+01
2.163189980519748445e+01
2.353151246276042485e+01
2.487802097198473916e+01
2.030831530585542311e+01
2.599423869350358629e+01
2.238751941489273278e+01
2.078827839131063016e+01
2.468233176392355688e+01
2.559065228221880162e+01
2.484916455463358176e+01
2.474659211232920342e+01
2.152124649935965195e+01
2.231476658688885806e+01
2.023910813015895371e+01
2.088310340932024900e+01
1.833934513628134155e+01
1.981593061727677707e+01
2.592408098038210440e+01
2.163955850874782527e+01
2.313838826552151673e+01
2.274131045867472523e+01
2.394198583559916571e+01
2.618516534300913179e+01
1.964060661902569294e+01
2.128843125866216113e+01
1.976732024381205832e+01
2.328134337711776425e+01
2.229479620482664615e+01
2.360348835109715182e+01
2.372240454178887958e+01
2.161979806057924947e+01
2.094922760134262774e+01
2.359535342195409413e+01
2.335770738398858271e+01
2.184031838121168434e+01
2.467765184209024554e+01
2.571901025163013443e+01
2.266403639040025908e+01
2.486158152403900345e+01
2.127559876325831922e+01
2.142961292218190650e+01
2.379675432414730452e+01
1.895817954883417400e+01
2.182107590559497368e+01
2.240725706671548423e+01
2.342060184800183364e+01
2.321103874398634659e+01
2.770682526501991561e+01
2.137284805717159131e+01
2.227118075654727392e+01
1.887030720268058914e+01
2.523891878346686468e+01
2.698827791394128539e+01
2.638754405786017188e+01
2.364804215568662116e+01
2.239763079067126483e+01
2.152483822157138249e+01
2.172501344791088584e+01
2.302086215898149035e+01
2.162639001185184640e+01
2.061155839147637181e+01
2.471757360135411119e+01
2.066921527662568181e+01
1.995147651106970699e+01
2.545866719641242781e+01
2.280957388644655737e+01
2.173462850001347846e+01
2.144928813149532942e+01
2.278254200708772359e+01
2.681251527294971027e+01
1.916088848956572832e+01
2.592463131320651115e+01
2.087889341930108955e+01
2.441695507268596899e+01
1.990279252475101046e+01
2.156015553806691543e+01
2.180009078224935948e+01
2.126766754409977978e+01
2.066179142122316392e+01
2.101471351674218724e+01
2.754829982602209881e+01
2.190064338816078759e+01
2.258093481422283944e+01
2.339635227791499261e+01
1.832229184670591238e+01
2.138031782340287990e+01
2.532481522623866610e+01
2.150841794465069157e+01
2.212117053061239957e+01
2.201231881163865012e+01
2.194693698237356472e+01
2.103235840857140460e+01
2.441728815919363171e+01
2.156363547460479424e+01
2.017957681036142858e+01
2.055262120471589782e+01
2.116068520740387271e+01
2.382768363280244728e+01
2.192437187143614352e+01
2.475291676936188523e+01
2.296305732100961094e+01
2.336158777163030820e+01
1.982467636825264989e+01
2.444190560492474162e+01
2.149441709630027120e+01
1.758511589976082945e+01
2.460076297678818236e+01
2.129725331973995495e+01
2.171400315520014601e+01
1.827621941019490848e+01
2.236070002101520870e+01
2.278913265879489813e+01
2.421564781401866639e+01
2.289579071651177955e+01
2.170584336271273074e+01
2.118433931245660773e+01
2.251734672906773582e+01
2.445556544177925318e+01
2.147772193118215611e+01
2.220559879010290771e+01
2.078559644636156634e+01
2.284107300908409499e+01
2.364480627119410272e+01
2.421494597983651431e+01
2.403477604576890059e+01
2.364195832625636129e+01
2.663198552209790648e+01
2.175977009647510130e+01
2.114338886431448827e+01
2.443104182145945202e+01
2.188997735488941032e+01
2.403109171156591728e+01
2.544402851384691999e+01
2.400116052805689648e+01
2.184784325286504014e+01
2.795365673541325080e+01
1.920833830109059903e+01
2.482808661534015116e+01
2.061426806405230039e+01
2.466091224292751605e+01
2.355957490636875207e+01
2.396435051796563442e+01
2.149707856854908883e+01
2.445356982007650970e+01
2.134277186283650352e+01
2.391282624067805074e+01
2.643226658355245817e+01
2.216477080988708792e+01
2.244433185550389354e+01
2.309857785507643158e+01
2.355872945607378099e+01
2.739678948602843178e+01
2.615029386797294464e+01
2.276625846084629501e+01
2.128033822764999883e+01
2.034645537462961329e+01
2.243712275288012492e+01
2.283804943983509972e+01
2.676006199455870416e+01
2.332992399144724516e+01
2.188689874054407980e+01
1.981122077881023102e+01
2.204306409899584551e+01
2.394392936101611014e+01
2.317515793112404765e+01
2.257325487749374915e+01
2.111590978245094163e+01
2.028606121302223286e+01
2.161276372148825686e+01
2.341524802569583485e+01
2.305101806838240464e+01
1.666366781855853318e+01
2.100963428246346254e+01
1.995215433845248398e+01
2.685897850586128754e+01
2.045636280551032016e+01
2.258545813198590935e+01
2.104265728159841586e+01
2.360317831230170071e+01
2.473358545702769717e+01
2.454661515623785917e+01
2.455662304309034738e+01
1.969222251132926615e+01
2.359995874823568229e+01
2.665861439840637459e+01
2.233035324265362220e+01
2.315375163495007627e+01
2.409788252228738514e+01
2.322697896375488824e+01
2.185486385571849510e+01
2.387958985915154386e+01
1.960440869100498062e+01
2.540417183401177681e+01
2.385456234114370844e+01
2.377497072555971513e+01
2.217640034379764202e+01
2.107335746866355208e+01
2.301344121201896442e+01
2.387058194566071023e+01
2.327512629964065738e+01
2.030377550517914287e+01
2.012205790716764753e+01
2.503363227848699779e+01
2.248913897432825237e+01
2.596832624259693034e+01
2.080168603267096117e+01
2.118851086955063323e+01
2.312903621310104185e+01
2.470073688837820569e+01
2.181717556776432687e+01
2.319484471964030803e+01
1.815806354242998211e+01
2.707530782845809014e+01
1.976229048800345467e+01
2.359993510426733110e+01
2.528869346075257596e+01
2.016571317601760072e+01
1.924967076465135918e+01
2.387430870688172391e+01
2.184105793702643794e+01
1.977892078841333046e+01
2.374581061588351716e+01
2.422297906881404472e+01
2.686600910379912577e+01
2.170010579711977527e+01
2.430394223468290704e+01
2.218582384735067592e+01
2.190651777301063419e+01
2.117503429909248780e+01
2.491620489112231240e+01
2.363159324435079967e+01
2.212198070575122344e+01
2.443060769103801988e+01
1.710495866183526203e+01
2.281416783428443296e+01
2.293883442649454096e+01
2.388854374500665045e+01
2.326619118356484250e+01
2.376800720362257380e+01
2.363105060265099766e+01
2.422284928209485244e+01
2.754023518921973590e+01
1.966297054091489116e+01
2.083967426974284010e+01
2.063247262502265755e+01
2.121774134462221539e+01
2.162042859291836550e+01
2.193293443947761645e+01
2.335108167328466422e+01
2.427212313563516233e+01
2.406102481214818667e+01
2.238695544469306853e+01
2.292547774559534801e+01
2.388174184187838378e+01
2.458949008861861074e+01
2.384359071175096290e+01
2.239999031185148581e+01
2.532735929541042808e+01
2.453745578896474910e+01
2.360304693781654350e+01
2.305972474510604187e+01
2.112817194270146004e+01
2.473826941264005796e+01
2.247773937491207974e+01
2.319593611631543695e+01
2.047453218502950278e+01
2.349358879675348177e+01
2.240848844865605827e+01
1.955333161653369700e+01
2.338739585671127585e+01
2.601271242194634681e+01
2.333142801821390577e+01
2.044425602855183755e+01
2.451867316537479269e+01
2.568630797219126194e+01
2.597030416745096204e+01
1.938513348264835656e+01
2.255837950009523496e+01
2.386313858030359469e+01
2.173013820714071898e+01
2.311044163237441396e+01
2.042292998481950761e+01
1.990450277443479266e+01
2.074290595707453022e+01
2.234157061574943626e+01
2.418164293670487552e+01
2.164425392571186180e+01
2.673798946202843041e+01
2.309913223969416407e+01
2.311122752816061166e+01
2.499103693370570767e+01
2.199438132395368584e+01
1.948660278300792470e+01
2.145421655366635960e+01
2.252473195586145494e+01
2.202184614041648558e+01
2.147523457152139414e+01
2.425880438488933422e+01
2.220811818559220541e+01
2.150041113380127200e+01
2.641920311055881498e+01
1.996768431381081044e+01
2.272944884449007574e+01
2.407985634695869237e+01
2.139121567756957631e+01
2.555045915061203488e+01
2.073403224243179466e+01
2.170798599616621161e+01
2.038084081582806206e+01
2.372625446695854379e+01
1.993986763062695644e+01
2.103930938901945069e+01
2.172310097488528768e+01
2.422715151652163712e+01
2.044422159686590845e+01
2.040047124248134480e+01
2.394710349172578034e+01
2.382409852949226092e+01
2.496077977309382234e+01
2.375520449550847601e+01
2.205769368730087265e+01
2.272291142724110813e+01
2.400007775940023436e+01
2.048278468324541990e+01
2.322390193212391551e+01
2.408462217214249179e+01
1.976994980365339316e+01
2.122176974015290796e+01
2.236946190398013457e+01
2.456258757806516257e+01
2.035759690414237610e+01
2.373770643407899783e+01
2.112789595213053317e+01
2.693743599942751388e+01
2.664541872565258274e+01
2.132587364744608038e+01
2.080794280307433297e+01
2.269350861207664849e+01
2.271514298618133765e+01
2.203005662414028976e+01
2.588428027842401846e+01
2.324853646669607343e+01
2.274628510238427381e+01
2.138228893803074726e+01
1.918281665157409677e+01
2.353066156403374976e+01
2.722084744574801007e+01
2.600991479488486391e+01
2.344479649432992119e+01
2.082490447870325667e+01
2.455204509688441306e+01
2.050247636882734881e+01
2.754455052703064766e+01
2.034347760060098409e+01
2.524520222037912376e+01
2.010649374805146650e+01
2.506185256898948310e+01
2.132341752988412509e+01
2.293412315101585719e+01
2.361088131112549604e+01
2.123765103687560440e+01
2.324388725244389065e+01
2.725896066249244498e+01
2.296891487160691625e+01
2.678943894543836990e+01
2.045768139522263951e+01
2.230205308697823696e+01
2.254522068899950327e+01
2.187854042142506472e+01
1.973058584332168053e+01
2.234895038196463091e+01
